1.423396646893553952e+04
2.847973860013303056e+04
4.266029659924167208e+04
5.626482084635860519e+04
7.036496317533891124e+04
8.660774664332362590e+04
1.007201274422629795e+05
1.156027561240600626e+05
1.298719331638028088e+05
1.452274075840137666e+05
1.618915559794828005e+05
1.751745440591054794e+05
1.888674609551380272e+05
2.018614233839015360e+05
2.165059578929227719e+05
2.304455152491046465e+05
2.427632256389591494e+05
2.553497528895062569e+05
2.701431432827333338e+05
2.818935792825281387e+05
3.002096581085658981e+05
3.110361096021892154e+05
3.288603524197785300e+05
3.449069974272900145e+05
3.591121988308157306e+05
3.724667000591655960e+05
3.883079378629050916e+05
4.016844989666491747e+05
4.172383691059385310e+05
4.273268535123307956e+05
4.423610148274761159e+05
4.547076700643991935e+05
4.700116203929106705e+05
4.846887652972662472e+05
4.948251715036018868e+05
5.105084012049860321e+05
5.238643107229965390e+05
5.380931667318159016e+05
5.515597018972152146e+05
5.671045296849242877e+05
5.835515784102185862e+05
6.001875210609938949e+05
6.159648764486355940e+05
6.275979816110264510e+05
6.395559455723090796e+05
6.530730526524740271e+05
6.695738793987826211e+05
6.900796688655336620e+05
7.071368699065139517e+05
7.197090645637059351e+05
7.343405549145932309e+05
7.494955994195494568e+05
7.615620782583748223e+05
7.813275901106499368e+05
7.927568561648479663e+05
8.037376968226204626e+05
8.189355393502437510e+05
8.354431645066873170e+05
8.548461200096496614e+05
8.679748121452423511e+05
8.853304940206195461e+05
8.958932158086367417e+05
9.115380388208347140e+05
9.274053982337411726e+05
9.406253961469805799e+05
9.570357394502672832e+05
9.702779337397898780e+05
9.773945873745498247e+05
9.941124139123341301e+05
1.007796255163886352e+06
1.019710155972310808e+06
1.033537303181675496e+06
1.050167665942448191e+06
1.065566028276155470e+06
1.076981274690256454e+06
1.092928410549615510e+06
1.107305566451214254e+06
1.119749716615853133e+06
1.133218106195769738e+06
1.149880393518141471e+06
1.160868135794038419e+06
1.176173168141792761e+06
1.190734590255803196e+06
1.205825036547316005e+06
1.224308548695637379e+06
1.236011772034254624e+06
1.251373056065476732e+06
1.271171028495037230e+06
1.286066398369580274e+06
1.299185046037308639e+06
1.320569425141381333e+06
1.341087989093778189e+06
1.354281292759973789e+06
1.376058518093578750e+06
1.385189984778638463e+06
1.400421639575277921e+06
1.409883914500419749e+06
1.433526407837093575e+06
1.447156174760823837e+06
1.469892565207797335e+06
