4.670991823665195625e+03
9.342393996563110704e+03
1.401267091199054630e+04
1.868300051959104530e+04
2.335108249104510105e+04
2.802159511131975887e+04
3.268823609364850927e+04
3.735493923885886761e+04
4.202279229920942453e+04
4.669116139607681544e+04
5.136199907269555843e+04
5.602707868517971656e+04
6.069128110259788082e+04
6.536216732154197234e+04
7.003439563668989285e+04
7.470463969288892986e+04
7.937481346331020177e+04
8.404277525422022154e+04
8.871820788863931375e+04
9.338912116970185889e+04
9.806165975869029353e+04
1.027376651557964506e+05
1.074101546079636755e+05
1.120821145815869822e+05
1.167487221635374590e+05
1.214158926922625687e+05
1.260899014696899394e+05
1.307607414861903962e+05
1.354303707872105879e+05
1.400979728175618220e+05
1.447702453451301262e+05
1.494456763222108420e+05
1.541130142733324028e+05
1.587813453763197758e+05
1.634549237401220307e+05
1.681225318125204067e+05
1.727861940871401748e+05
1.774495549959855271e+05
1.821217915627486655e+05
1.867876700339626113e+05
1.914512030347398540e+05
1.961112299397948664e+05
2.007839386184413452e+05
2.054526170540760213e+05
2.101282543051135144e+05
2.147961607885984704e+05
2.194691832471494272e+05
2.241287132914172835e+05
2.287949476563147909e+05
2.334647560260173923e+05
2.381329218453297508e+05
2.427985444985567010e+05
2.474729557771505497e+05
2.521411065133826050e+05
2.568064308508140093e+05
2.614685629647751630e+05
2.661424475886067958e+05
2.708042329924423248e+05
2.754764340043691918e+05
2.801552680673135328e+05
2.848197837425484322e+05
2.894920067070315708e+05
2.941644717827381683e+05
2.988386124239541823e+05
3.035076341833213228e+05
3.081811680778868613e+05
3.128524441055287607e+05
3.175225040516314912e+05
3.221902906353473663e+05
3.268605628446125775e+05
3.315265033568661311e+05
3.361932706217312953e+05
3.408616500380676007e+05
3.455361783083343762e+05
3.502033616537566995e+05
3.548700390423105564e+05
3.595383784849328804e+05
3.642034010052616941e+05
3.688665844708189252e+05
3.735398110905804206e+05
3.782111979599422775e+05
3.828770810823874781e+05
3.875446036068852409e+05
3.922118330280708615e+05
3.968833136950702174e+05
4.015567457412076183e+05
4.062235922990234685e+05
4.108917990979989409e+05
4.155561926838888321e+05
4.202266892918361700e+05
4.248882859516695025e+05
4.295584049425190897e+05
4.342332882389375591e+05
4.389047567735883640e+05
4.435755553106863517e+05
4.482366680511411396e+05
4.529050714259946253e+05
4.575742390079043107e+05
4.622380829643176403e+05
4.669065100912813796e+05
