1.434325374175301295e+04
2.818722385337691594e+04
4.241124573314820736e+04
5.576487135823392600e+04
7.099280400867808203e+04
8.500890507074397465e+04
9.935809160723777313e+04
1.156360490238399798e+05
1.302789155585821572e+05
1.466061797597584082e+05
1.615423966930411698e+05
1.738677478033950320e+05
1.901652980915176740e+05
2.035040384611118352e+05
2.209165646335731144e+05
2.357918355845187616e+05
2.473132597145976033e+05
2.604339482370833575e+05
2.732605639051032485e+05
2.895092668506687623e+05
3.067501481490248116e+05
3.222149597814029548e+05
3.382134033286132617e+05
3.523078792060508858e+05
3.647360987181447563e+05
3.810446589682245976e+05
3.919901126028213184e+05
4.065901045412268722e+05
4.218618539770714124e+05
4.366026016371665755e+05
4.535945419359984226e+05
4.672460358061247389e+05
4.847509764097951120e+05
4.999637940837392816e+05
5.164172150700512575e+05
5.316190627335179597e+05
5.454194923908096971e+05
5.586666173587893136e+05
5.744089452865730273e+05
5.832304317696515936e+05
5.940931192553954897e+05
6.051960449766613310e+05
6.102130352767427685e+05
6.265229339013937861e+05
6.387550449166240869e+05
6.511748479836534243e+05
6.627194706062988844e+05
6.742742409047972178e+05
6.838990717424051836e+05
6.994488901357912691e+05
7.129604006795031019e+05
7.261946812467479613e+05
7.414657781417566584e+05
7.541118963536198717e+05
7.676353390726128127e+05
7.817781961920105387e+05
7.891180654026345583e+05
8.020626577903148718e+05
8.164953362608766183e+05
8.271626110713625094e+05
8.425803631899018073e+05
8.626816872050969396e+05
8.763799276358038187e+05
8.877794897648186889e+05
9.026763411734018009e+05
9.141874478338386398e+05
9.267179764269560110e+05
9.360493037186841248e+05
9.519245302438091021e+05
9.696536485881471308e+05
9.824835669118254445e+05
1.000552822166764643e+06
1.013393906929028919e+06
1.026144747957149870e+06
1.041995231199158123e+06
1.058183484226593515e+06
1.071859887844334822e+06
1.087174525193676120e+06
1.096332666150039295e+06
1.108861110607630573e+06
1.125385192444435321e+06
1.133937346026874846e+06
1.143922699017619016e+06
1.154725069756831741e+06
1.171181913253241684e+06
1.179410646290058969e+06
1.196112428979439195e+06
1.214568650937810307e+06
1.231305068230831530e+06
1.244544985286009032e+06
1.264486713127528783e+06
1.279047629189463099e+06
1.291816604860094143e+06
1.305626646177552408e+06
1.321816580496426206e+06
1.336382919971734518e+06
1.346585189521704800e+06
1.362804564751854166e+06
1.379287623077550437e+06
1.394395231858899817e+06
