7.087592262542081698e+03
1.377056925547918217e+04
2.061508339814831925e+04
2.732135876235138494e+04
3.430391192608789424e+04
4.160155575192128163e+04
4.927590873876412661e+04
5.588475576105133950e+04
6.229043619172171748e+04
6.933053280343780352e+04
7.713724504264557618e+04
8.372442504575601197e+04
9.076641935275954893e+04
9.650999722692728392e+04
1.043301597976461489e+05
1.120031677513379109e+05
1.196302781133930548e+05
1.259398885524586367e+05
1.331875730528822460e+05
1.395730513519662200e+05
1.474835442183678679e+05
1.536158233560457884e+05
1.609196862955580291e+05
1.684239059059456631e+05
1.771210367497667321e+05
1.844260316478714813e+05
1.912868060427930905e+05
1.988857972216941707e+05
2.049888585105252569e+05
2.138862860980020196e+05
2.196655939122135460e+05
2.274105145294298709e+05
2.343804763184695621e+05
2.415916451664146734e+05
2.513543086091112054e+05
2.602955296769583947e+05
2.674498475692393840e+05
2.739450925588976825e+05
2.826730459693348384e+05
2.907513417092070449e+05
2.984889978156915167e+05
3.050803261141144903e+05
3.131513040746151237e+05
3.208134319086587639e+05
3.283491066507584765e+05
3.324585491492899018e+05
3.409637530844598077e+05
3.490645947760630515e+05
3.557207576675174641e+05
3.615018300054172287e+05
3.678435680927703506e+05
3.751355854185409844e+05
3.805136005945454817e+05
3.859474745978007559e+05
3.947176900152186281e+05
4.025948566889406065e+05
4.097032436966850655e+05
4.159720370406205766e+05
4.205517417485429323e+05
4.274017425610956270e+05
4.340189061497480143e+05
4.391605151029953850e+05
4.452929806809120346e+05
4.532754927481175982e+05
4.573845623661715072e+05
4.636218339925953187e+05
4.721821177011611289e+05
4.778833336896486580e+05
4.855907531845529447e+05
4.913603461306086974e+05
4.977092688257344998e+05
5.044764369036349817e+05
5.119539556083990610e+05
5.184362097085632267e+05
5.276518907836157596e+05
5.337196549401002703e+05
5.434362410095015075e+05
5.490702919019733090e+05
5.541245269690384157e+05
5.596848340884977952e+05
5.643270961551065557e+05
5.722239722254982917e+05
5.799912190613069106e+05
5.857852223614812829e+05
5.904865660080395173e+05
5.960784481136502000e+05
6.018333389151629526e+05
6.105974817076609470e+05
6.197016981542506255e+05
6.299384258554929402e+05
6.371171674190524500e+05
6.443997162441256223e+05
6.524810216621380532e+05
6.595021346623996506e+05
6.677672102286169538e+05
6.773359025786160491e+05
6.818335402885808144e+05
6.885239682324887253e+05
6.973873105491709430e+05
7.040800223860036349e+05
