4.390247579234713982e+00
8.783640687263330804e+00
1.317601153695895810e+01
1.756786775565612757e+01
2.196005131376366393e+01
2.635219178420014430e+01
3.073987436589894529e+01
3.512804516319746995e+01
3.951955296574183762e+01
4.390876676668536760e+01
4.830085622248449084e+01
5.268798780691155059e+01
5.707362604113198046e+01
6.146110943608321264e+01
6.585363431036327597e+01
7.024758750644843985e+01
7.464238102125830210e+01
7.903201311201129897e+01
8.342883038986192901e+01
8.782427802853919729e+01
9.221671621185475942e+01
9.661292015829654645e+01
1.010048600055238239e+02
1.053993518341375761e+02
1.097884154868803535e+02
1.141800573512837218e+02
1.185739978890623689e+02
1.229678136972231783e+02
1.273592102316150090e+02
1.317503458787288082e+02
1.361418366246106473e+02
1.405359954511451406e+02
1.449267113103814779e+02
1.493170647963711701e+02
1.537069783852574574e+02
1.580930941578886575e+02
1.624831927812685990e+02
1.668683184250163265e+02
1.712604938744932497e+02
1.756466051603103153e+02
1.800373781120986791e+02
1.844189371163874114e+02
1.888112776179794707e+02
1.932022280955963538e+02
1.975964905300598673e+02
2.019843017067401547e+02
2.063811572432281594e+02
2.107623305214861489e+02
2.151512980305917608e+02
2.195439575963973766e+02
2.239373600852066772e+02
2.283235794957177234e+02
2.327165399147647236e+02
2.371062785060705664e+02
2.414938583428842946e+02
2.458790539301463696e+02
2.502749710140429329e+02
2.546627838806948319e+02
2.590528052995176154e+02
2.634494067819494489e+02
2.678385439957489780e+02
2.722323656536719909e+02
2.766249322417098142e+02
2.810186967935049438e+02
2.854127388368704032e+02
2.898057536555738807e+02
2.941984335583628081e+02
2.985922125809742624e+02
3.029792567721556793e+02
3.073699117489766763e+02
3.117566366101633548e+02
3.161460505154853422e+02
3.205377346571203248e+02
3.249310093694610373e+02
3.293193264141614804e+02
3.337083717634047275e+02
3.381019591322328779e+02
3.424917782038966720e+02
3.468753621414694521e+02
3.512704878429613586e+02
3.556616920054818820e+02
3.600508100565389213e+02
3.644380041929132972e+02
3.688279191890779316e+02
3.732219468346987696e+02
3.776140138318559707e+02
3.820035068454658926e+02
3.863951932112411214e+02
3.907853512646460672e+02
3.951775440533767210e+02
3.995644524875810930e+02
4.039535991817256786e+02
4.083456065350790141e+02
4.127368654582250542e+02
4.171265048318400659e+02
4.215115134989882222e+02
4.259025129097920512e+02
4.302925604990552984e+02
4.346816194692669342e+02
4.390706435891803494e+02
