1.440646697056509038e+04
2.870831766215183234e+04
4.165313977084025100e+04
5.614044856065086060e+04
7.211822387567763508e+04
8.657112778285572131e+04
1.006178050440794905e+05
1.145811734821840073e+05
1.289193001173709199e+05
1.439809547091543791e+05
1.593103807645775378e+05
1.734000857694768638e+05
1.861429531481004087e+05
2.030747897749596741e+05
2.165082551030075119e+05
2.313969663975943986e+05
2.451091931754992984e+05
2.584658351373049954e+05
2.730550268590220949e+05
2.888745643506850465e+05
3.038032970400972408e+05
3.211647519042961649e+05
3.337830838620031718e+05
3.505808033713889890e+05
3.668132327475420898e+05
3.814668195960134035e+05
3.968445037096675369e+05
4.103247255861664307e+05
4.235121930070304661e+05
4.385587892202436342e+05
4.520810800049041864e+05
4.658543759488753858e+05
4.795982143351212144e+05
4.954147621243839967e+05
5.096901582778056618e+05
5.238922501244919258e+05
5.381838832251362037e+05
5.501265724039998604e+05
5.678908880019854987e+05
5.866983001136848470e+05
6.017103050040263915e+05
6.180948130170841468e+05
6.336648501885066507e+05
6.479964347688868875e+05
6.582647640906001907e+05
6.723209597918710206e+05
6.881116989252243657e+05
6.993454990355245536e+05
7.118829891739861341e+05
7.263029297810922144e+05
7.363207866298913723e+05
7.494505208332475740e+05
7.643669884183807299e+05
7.753213545622486854e+05
7.922078462596077006e+05
8.032651174274050863e+05
8.170292977754166350e+05
8.284298753378741676e+05
8.444393921035513049e+05
8.558839862088080263e+05
8.691793226249590516e+05
8.824156640227000462e+05
9.066564607320278883e+05
9.228049653664161451e+05
9.338822222619514214e+05
9.464620110295825871e+05
9.625483045514423866e+05
9.765665297005143948e+05
9.923758995405846508e+05
1.006410265087469714e+06
1.017349369766078540e+06
1.031842015407723607e+06
1.046187975862228777e+06
1.061445252874539001e+06
1.070514748155948240e+06
1.090616658126179129e+06
1.099204784686830826e+06
1.106986114419246092e+06
1.119911050678896718e+06
1.134991981859652326e+06
1.148802302837468684e+06
1.160218131877315696e+06
1.177454192363783717e+06
1.194746860767747276e+06
1.210655197081702994e+06
1.228419006627612049e+06
1.243900661137989257e+06
1.260142665552118327e+06
1.279218415106753819e+06
1.284510244953098474e+06
1.301710738634731155e+06
1.322207399188362760e+06
1.341595362898553722e+06
1.355549602423538454e+06
1.365272773828516249e+06
1.382771558575016912e+06
1.397684763455972075e+06
1.413214576145880623e+06
1.424469294185112463e+06
1.439298051625775639e+06
