4.228256420992721587e+00
8.456843870434092025e+00
1.268498992639234224e+01
1.691535478237813095e+01
2.114217178799359331e+01
2.536881593281441383e+01
2.959736720704061952e+01
3.382013264303832045e+01
3.804801247620616067e+01
4.227569877925585473e+01
4.650458453868882458e+01
5.073087434235421256e+01
5.495276839953103831e+01
5.917759315362254569e+01
6.340816816526473332e+01
6.763650884185628342e+01
7.186735299563417811e+01
7.609645496792876429e+01
8.032723513123006853e+01
8.455573633342245898e+01
8.878678878142427777e+01
9.302066353917643937e+01
9.725041306218086845e+01
1.014784544012207732e+02
1.057068739926685907e+02
1.099346232429376755e+02
1.141702511226560688e+02
1.183994731364805375e+02
1.226312380781743059e+02
1.268598033645835130e+02
1.310922702746686355e+02
1.353253573437153818e+02
1.395538174500167656e+02
1.437794873189988323e+02
1.480085341191307577e+02
1.522322128500696294e+02
1.564590767779766338e+02
1.606824843501427154e+02
1.649149325842262215e+02
1.691407606049151298e+02
1.733693336378248659e+02
1.775903315405786032e+02
1.818212771398142706e+02
1.860484588631678378e+02
1.902787889547627174e+02
1.945038371340416177e+02
1.987347868986347805e+02
2.029532950182554885e+02
2.071787403000037102e+02
2.114098610017521480e+02
2.156368111529613714e+02
2.198597590756740772e+02
2.240882019501887896e+02
2.283171541454235864e+02
2.325427373222052836e+02
2.367639105433385396e+02
2.409971629223097125e+02
2.452191275671525830e+02
2.494472388881808627e+02
2.536820775883080898e+02
2.579068092782039230e+02
2.621358663642032525e+02
2.663660539816468145e+02
2.705947044816724087e+02
2.748231905888222286e+02
2.790516230583080528e+02
2.832797955758665012e+02
2.875073392510967096e+02
2.917326344352686078e+02
2.959612831090454392e+02
3.001868121681755497e+02
3.044138927142984699e+02
3.086439078907894782e+02
3.128721855706182851e+02
3.170961641833092699e+02
3.213216739907556416e+02
3.255504595550437443e+02
3.297766604158643418e+02
3.339986614844448241e+02
3.382252000973903137e+02
3.424532520834114280e+02
3.466801882860773958e+02
3.509053260690424167e+02
3.551316357530348000e+02
3.593616558160897512e+02
3.635921763209824462e+02
3.678174057688545417e+02
3.720473702982207556e+02
3.762716488364044949e+02
3.805021758594975267e+02
3.847306550180722979e+02
3.889597966635975013e+02
3.931913933361175282e+02
3.974235400003909149e+02
4.016526880279100169e+02
4.058750396584715645e+02
4.101043871754729935e+02
4.143331744347519248e+02
4.185603055148318390e+02
4.227851109325906691e+02
