6.386075284254632001e-01
1.277108241171120762e+00
1.915765942990971027e+00
2.554658972527996674e+00
3.193269463887688620e+00
3.831303667573368266e+00
4.469629835109009797e+00
5.107814931614930387e+00
5.747041502046696060e+00
6.385565378049403051e+00
7.024732249012163976e+00
7.663100905957605846e+00
8.301023961367498316e+00
8.939960140905926167e+00
9.580380627708857233e+00
1.022042515219546388e+01
1.085920715332983022e+01
1.149782293582150672e+01
1.213744459533486797e+01
1.277604388308538397e+01
1.341600807876657697e+01
1.405599485978889085e+01
1.469458860877984741e+01
1.533359433939665450e+01
1.597191485074978345e+01
1.661084160436392665e+01
1.725054877029349498e+01
1.788960796276489873e+01
1.852806688364722731e+01
1.916741833679020246e+01
1.980696303774363898e+01
2.044729245924729355e+01
2.108725958612616580e+01
2.172618121328611807e+01
2.236556982667879367e+01
2.300493313222976965e+01
2.364328031210497016e+01
2.428149938682705411e+01
2.492065981789084006e+01
2.555943020811567834e+01
2.619844482062678992e+01
2.683611744641681440e+01
2.747442060878599079e+01
2.811274018755925397e+01
2.875136770888355997e+01
2.938944954295800827e+01
3.002899082612907122e+01
3.066669536062320134e+01
3.130502324693919647e+01
3.194385283202271708e+01
3.258316948863079432e+01
3.322178023202761921e+01
3.386102166047614759e+01
3.450050398669867491e+01
3.513906081920654145e+01
3.577603641744038043e+01
3.641577488421589948e+01
3.705411196026442866e+01
3.769315919878794574e+01
3.833257210074016541e+01
3.897103221798448658e+01
3.961090871561624738e+01
4.025023612962502995e+01
4.088988339690045137e+01
4.152852124891748531e+01
4.216732246806359541e+01
4.280616080145157554e+01
4.344467133216026156e+01
4.408305011125846562e+01
4.472138237425188123e+01
4.535967989428377933e+01
4.599876892854874910e+01
4.663715126813930567e+01
4.727607349195851327e+01
4.791460600737163844e+01
4.855232264933995623e+01
4.919059202009685805e+01
4.982912377103414769e+01
5.046685509412729687e+01
5.110586448125607717e+01
5.174506741603824622e+01
5.238363209624619543e+01
5.302188675181866273e+01
5.366057621780931441e+01
5.429929244520540976e+01
5.493775198911416169e+01
5.557574078965730280e+01
5.621450123539498378e+01
5.685329688436459605e+01
5.749256499954552169e+01
5.813070135384227655e+01
5.876904810781537947e+01
5.940893921104857611e+01
6.004909095214088666e+01
6.068857593516914761e+01
6.132686426442588612e+01
6.196565240934614138e+01
6.260435116115348109e+01
6.324247706404478464e+01
6.388035322638165070e+01
