1.434430246809608252e+04
2.835523647211613570e+04
4.280891943314907985e+04
5.614799273174101836e+04
7.076596616531774634e+04
8.562521324359942810e+04
9.908190702782371955e+04
1.136467916034114605e+05
1.304658518615562789e+05
1.439678739288308716e+05
1.568534779566807847e+05
1.730240824179427000e+05
1.864111840537571115e+05
2.025650488450097328e+05
2.173964197783056588e+05
2.305052660163396504e+05
2.451595719914461952e+05
2.608669157401408593e+05
2.758033390894023469e+05
2.871082761386623024e+05
3.004771898633270757e+05
3.151517412507896661e+05
3.344994638330169255e+05
3.493047764136551996e+05
3.642833818669376778e+05
3.790320099564106204e+05
3.944606654996279394e+05
4.111820776827181107e+05
4.268822135186104570e+05
4.402648905280442559e+05
4.549848234671966638e+05
4.697562638515990111e+05
4.825894348915854353e+05
4.969909212443435681e+05
5.123138019156701048e+05
5.248734285031951731e+05
5.426944052873160690e+05
5.577257300473999931e+05
5.736527103852324653e+05
5.904681383880112553e+05
6.074931618413546821e+05
6.229692131566983880e+05
6.366720446782852523e+05
6.484308904645644361e+05
6.682786224621359725e+05
6.796898071424636291e+05
6.904907729213057319e+05
7.047429872286105528e+05
7.165093738566898974e+05
7.304098420192403719e+05
7.423463653530648444e+05
7.580165542256050976e+05
7.712081466367519461e+05
7.805118508095330326e+05
7.917319508915739134e+05
8.090357324654841796e+05
8.236771640762456227e+05
8.343364918715542881e+05
8.430088727736790897e+05
8.637198963211226510e+05
8.789774529937912012e+05
8.944752712070111884e+05
9.057753241878733970e+05
9.183191266601328971e+05
9.310443088503933977e+05
9.425108596230552066e+05
9.532143471206318354e+05
9.711932521041483851e+05
9.885864683947373414e+05
1.002005554519370315e+06
1.019023802867608378e+06
1.040715002677472075e+06
1.062019771799590671e+06
1.075679362502943492e+06
1.090274733386859531e+06
1.101296434420532547e+06
1.107588549440763425e+06
1.121641778744664276e+06
1.130784578332808567e+06
1.144219898075373843e+06
1.154627468291836791e+06
1.172276390699185664e+06
1.180322029433663469e+06
1.197572485769996420e+06
1.207669852722050156e+06
1.221917306144686183e+06
1.237813903382179793e+06
1.256496983159651281e+06
1.270950822597312974e+06
1.291313519180810079e+06
1.302327096746935742e+06
1.320411473636955721e+06
1.332049852394671179e+06
1.353876451098649995e+06
1.362585028041415149e+06
1.376984167244738899e+06
1.391215873125779675e+06
1.398083918690013001e+06
1.412965372132448014e+06
1.426131495475263335e+06
