4.416459997309265084e+00
8.833083795642687974e+00
1.324693148002718246e+01
1.766984892322557599e+01
2.208949300439205388e+01
2.650577592284260220e+01
3.092025249987781166e+01
3.533170982442175045e+01
3.975046938726847401e+01
4.416650521138181062e+01
4.858253734576553029e+01
5.299684924812203235e+01
5.740763487622488981e+01
6.182117709493664393e+01
6.623989914523900779e+01
7.065818207491227554e+01
7.506973008289973848e+01
7.948473626554276450e+01
8.390757198019439045e+01
8.832530493375557512e+01
9.274241859961428247e+01
9.716414919977853515e+01
1.015831388040694776e+02
1.059988717110055347e+02
1.104128153180216572e+02
1.148261112351925419e+02
1.192463857143056885e+02
1.236628220674417236e+02
1.280773864273994036e+02
1.324942041130863402e+02
1.369118489263674121e+02
1.413318824357338599e+02
1.457492996326829484e+02
1.501656785925751194e+02
1.545782926874942120e+02
1.589875536123473978e+02
1.634021767445414355e+02
1.678159332246108875e+02
1.722392657612138578e+02
1.766506841052092511e+02
1.810634014005566428e+02
1.854713936290868617e+02
1.898883636736870812e+02
1.943018580306110437e+02
1.987237421166510956e+02
2.031344421359015655e+02
2.075510161883003093e+02
2.119561130915531635e+02
2.163660542075617172e+02
2.207828224425776398e+02
2.251992018002850955e+02
2.296082146393781613e+02
2.340297078422531172e+02
2.384490604586040092e+02
2.428618791226188875e+02
2.472695134584378991e+02
2.516889874968620973e+02
2.560969530954466791e+02
2.605216917397229963e+02
2.649424655934734005e+02
2.693551014117357454e+02
2.737729297161074555e+02
2.781918700496693191e+02
2.826096748077679877e+02
2.870235258789735440e+02
2.914391883171344944e+02
2.958590854022137364e+02
3.002816670591877255e+02
3.046939775705392890e+02
3.091123467215344931e+02
3.135233255276007185e+02
3.179393492863862889e+02
3.223536497274591852e+02
3.267693119970306270e+02
3.311790930136449447e+02
3.355941473217673092e+02
3.400070989789427358e+02
3.444203528834116810e+02
3.488285302267494217e+02
3.532428757309756975e+02
3.576593577954216698e+02
3.620703880956399985e+02
3.664830170492613206e+02
3.708981330071819116e+02
3.753168063078792329e+02
3.797345703969921829e+02
3.841470793593172175e+02
3.885620560338340397e+02
3.929775606320965267e+02
3.973942772046842720e+02
4.018037840065647401e+02
4.062238668141653193e+02
4.106415617988482154e+02
4.150572061597891889e+02
4.194696916459382123e+02
4.238764790676527809e+02
4.282965896261971466e+02
4.327163725728585746e+02
4.371309904020160957e+02
4.415428528941050104e+02
