Time [s]   Temperature [K]  CO_ruo2_bridge CO_ruo2_cus O_ruo2_bridge O_ruo2_cus empty_ruo2_bridge empty_ruo2_cus
  1.1679185E-11           200        0.0048        0.0048        0.0296        0.0312        0.9656         0.964
  2.4547567E-11           200        0.0072        0.0084        0.0596        0.0692        0.9332        0.9224
  3.9553358E-11           200        0.0104        0.0116        0.0932        0.1028        0.8964        0.8856
  5.4133429E-11           200        0.0132        0.0168        0.1208        0.1392         0.866         0.844
  6.83399E-11           200        0.0212        0.0188        0.1516        0.1684        0.8272        0.8128
  8.5418378E-11           200        0.0284        0.0228        0.1796         0.198         0.792        0.7792
  1.0283393E-10           200         0.036        0.0272          0.21        0.2236         0.754        0.7492
  1.2302591E-10           200         0.042         0.032        0.2396        0.2524        0.7184        0.7156
  1.4409031E-10           200        0.0456        0.0372        0.2748        0.2796        0.6796        0.6832
  1.6788082E-10           200         0.052        0.0416         0.304        0.3088         0.644        0.6496
  1.9218219E-10           200        0.0568        0.0472        0.3364        0.3356        0.6068        0.6172
  2.1722668E-10           200        0.0648          0.05         0.364        0.3664        0.5712        0.5836
  2.4791922E-10           200        0.0704         0.058         0.392        0.3912        0.5376        0.5508
  2.8373594E-10           200        0.0752         0.064         0.424        0.4176        0.5008        0.5184
  3.2092949E-10           200        0.0832        0.0712         0.442        0.4492        0.4748        0.4796
  3.6394928E-10           200        0.0936        0.0764        0.4704        0.4696         0.436         0.454
  4.1514059E-10           200        0.1004        0.0812        0.5012        0.4956        0.3984        0.4232
  4.6742397E-10           200        0.1076        0.0876        0.5264        0.5232         0.366        0.3892
  5.2725303E-10           200         0.114         0.094        0.5572        0.5468        0.3288        0.3592
  6.0726388E-10           200        0.1212        0.1028        0.5804        0.5716        0.2984        0.3256
  6.8972684E-10           200         0.128        0.1128           0.6        0.5984         0.272        0.2888
  8.003158E-10           200        0.1408        0.1208          0.62        0.6168        0.2392        0.2624
  9.2788932E-10           200        0.1512        0.1328        0.6364        0.6356        0.2124        0.2316
  1.0951947E-09           200        0.1628        0.1436         0.654        0.6532        0.1832        0.2032
  1.2904214E-09           200         0.174        0.1616         0.664        0.6648         0.162        0.1736
  1.5077746E-09           200        0.1868        0.1748         0.678        0.6788        0.1352        0.1464
  1.9080504E-09           200        0.2028        0.1908        0.6852        0.6876         0.112        0.1216
  2.3230182E-09           200        0.2204        0.2048        0.6912        0.6984        0.0884        0.0968
  2.9916763E-09           200         0.238        0.2204        0.6968        0.7064        0.0652        0.0732
  4.0350775E-09           200        0.2564        0.2412         0.698        0.7068        0.0456         0.052
  5.4533547E-09           200        0.2736        0.2636        0.6984        0.7072         0.028        0.0292
  8.7327912E-09           200        0.2936        0.2836        0.6984        0.7072         0.008        0.0092
    1020105.6     3060516.8        0.3064         0.288        0.6936        0.7116             0        0.0004
