Temperature[K]	Time[s]	Desorption_events	Site_coverage_filled	Site_coverage_empty	Desorption_TOF
1560.95177472	0.380709886341	1.0	0.9975	0.0025	0.000181361249038	
1564.10195222	1.26007100048	1.0	0.995	0.005	0.000189615409186	
1567.08878722	1.57544388589	1.0	0.9925	0.0075	0.000210709383849	
1569.49758615	2.22359057339	1.0	0.99	0.01	0.000218471474485	
1572.84189732	2.91316835593	1.0	0.9875	0.0125	0.000235826252745	
1575.51262041	3.2918798085	1.0	0.985	0.015	0.000255849961467	
1578.11369193	3.95359696201	1.0	0.9825	0.0175	0.00026714294824	
1581.52490239	4.65636399222	1.0	0.98	0.02	0.000288612648139	
1583.43286	4.71678000794	1.0	0.9775	0.0225	0.000313176865629	
1584.8443913	5.22097651174	1.0	0.975	0.025	0.000314741187325	
1587.41049116	5.7432199513	1.0	0.9725	0.0275	0.000333520852445	
1588.86139653	5.80133866015	1.0	0.97	0.03	0.000353779680774	
1591.15144626	6.6592398457	1.0	0.9675	0.0325	0.000355590300458	
1594.03710587	6.95560250322	1.0	0.965	0.035	0.000392716189506	
1595.62953213	7.29621034891	1.0	0.9625	0.0375	0.000405652238227	
1598.51672109	8.11047808803	1.0	0.96	0.04	0.000421165260151	
1602.48435501	8.88326391456	1.0	0.9575	0.0425	0.000462333202333	
1604.52948688	8.92853083725	1.0	0.955	0.045	0.000503941692811	
1606.43942564	9.64723941886	1.0	0.9525	0.0475	0.000506143297242	
1608.78211086	9.86560492484	1.0	0.95	0.05	0.000548886086872	
1609.34686906	9.8731427011	1.0	0.9475	0.0525	0.000566806547554	
1609.54225781	9.94376042409	1.0	0.945	0.055	0.00056071699766	
1610.1780808	10.1274718941	1.0	0.9425	0.0575	0.000563551550546	
1611.22193688	10.3613028585	1.0	0.94	0.06	0.000574249625695	
1614.02502527	11.2487072504	1.0	0.9375	0.0625	0.000588493882147	
1616.6590244	11.4149025107	1.0	0.935	0.065	0.000650031934595	
1617.96385969	11.7706413668	1.0	0.9325	0.0675	0.000660984695369	
1618.88278314	11.7824718886	1.0	0.93	0.07	0.000690033145813	
1619.97652988	12.2081400646	1.0	0.9275	0.0725	0.000685746906289	
1622.97034955	12.9799997548	1.0	0.925	0.075	0.000718202820648	
1626.8778044	13.7711220036	1.0	0.9225	0.0775	0.000782301958142	
1630.2768272	14.3396088779	1.0	0.92	0.08	0.000853411433349	
1632.84477432	14.7983008488	1.0	0.9175	0.0825	0.000907825686751	
1635.1250632	15.2517244295	1.0	0.915	0.085	0.000953204064804	
1638.47783963	16.139411424	1.0	0.9125	0.0875	0.00100050786243	
1642.18812577	16.7358388853	1.0	0.91	0.09	0.00110201555355	
1645.64874396	17.5236587006	1.0	0.9075	0.0925	0.00117459505925	
1648.05445152	17.6981219067	1.0	0.905	0.095	0.00127824775872	
1650.26788702	18.4090328994	1.0	0.9025	0.0975	0.001299735102	
1654.35477153	19.3328757139	1.0	0.9	0.1	0.00140201589413	
1658.72412351	20.1567736888	1.0	0.8975	0.1025	0.00154745873761	
1660.79260138	20.1602668624	1.0	0.895	0.105	0.0017035877247	
1660.92442733	20.2095040688	1.0	0.8925	0.1075	0.00168432623694	
1663.15179122	21.0512124188	1.0	0.89	0.11	0.00168883769438	
1666.48058466	21.5410214446	1.0	0.8875	0.1125	0.00184547571874	
1668.70391819	21.9405458317	1.0	0.885	0.115	0.00194055506353	
1669.75250813	21.9604574205	1.0	0.8825	0.1175	0.00201927177238	
1671.72468252	22.7294155859	1.0	0.88	0.12	0.00201897263451	
1674.1877246	22.9456742548	1.0	0.8775	0.1225	0.00218694663002	
1676.62082174	23.7026544395	1.0	0.875	0.125	0.00223183269385	
1680.33770361	24.4324270026	1.0	0.8725	0.1275	0.00241310366381	
1683.29656725	24.886199896	1.0	0.87	0.13	0.00260067263461	
1685.96264923	25.4988597976	1.0	0.8675	0.1325	0.00272120843633	
1689.33489275	26.2350973031	1.0	0.865	0.135	0.00289502223733	
1691.25893592	26.2684770667	1.0	0.8625	0.1375	0.00311989133868	
1692.45211489	26.7123688883	1.0	0.86	0.14	0.00312159532368	
1694.96757829	27.2746624285	1.0	0.8575	0.1425	0.00326088111781	
1696.93463522	27.4991916607	1.0	0.855	0.145	0.00344858103092	
1698.29903941	27.8204241028	1.0	0.8525	0.1475	0.00352004472535	
1699.44457349	27.9574052951	1.0	0.85	0.15	0.00362919419137	
1700.96874117	28.430091172	1.0	0.8475	0.1525	0.00367051501899	
1703.38122944	28.922400603	1.0	0.845	0.155	0.0038440687797	
1705.16975322	29.1455006855	1.0	0.8425	0.1575	0.00403355783131	
1707.57112719	29.8829501907	1.0	0.84	0.16	0.00411518923123	
1710.28073808	30.2293450404	1.0	0.8375	0.1625	0.00442727308473	
1711.85259271	30.5116920425	1.0	0.835	0.165	0.00457390233626	
1712.7256566	30.578570596	1.0	0.8325	0.1675	0.00469432379446	
1715.36639028	31.5679855144	1.0	0.83	0.17	0.00471258759179	
1718.22215086	31.7208748279	1.0	0.8275	0.1725	0.00519823138812	
1720.79488663	32.5970798249	1.0	0.825	0.175	0.00526400839946	
1723.61333575	32.8482544767	1.0	0.8225	0.1775	0.00573629204609	
1725.26639688	33.2583042734	1.0	0.82	0.18	0.0058662919018	
1726.58203121	33.3745082098	1.0	0.8175	0.1825	0.00609608679745	
1728.23032362	33.9176212375	1.0	0.815	0.185	0.00614874272867	
1731.00577592	34.4846891312	1.0	0.8125	0.1875	0.00647465650037	
1732.96474713	34.7012097217	1.0	0.81	0.19	0.00683232756912	
1733.96855683	34.8862130092	1.0	0.8075	0.1925	0.00696118330763	
1736.11909248	35.5614239815	1.0	0.805	0.195	0.00706893950034	
1738.85152154	35.9791846344	1.0	0.8025	0.1975	0.0075380696212	
1740.14623516	36.0793094296	1.0	0.8	0.2	0.00783324206392	
1741.26331416	36.4260162331	1.0	0.7975	0.2025	0.00788714718258	
1743.95789791	37.1571429307	1.0	0.795	0.205	0.00813751496556	
1745.97460434	37.2326988042	1.0	0.7925	0.2075	0.00871935147804	
1746.3649307	37.313273474	1.0	0.79	0.21	0.00875762447417	
1747.73538196	37.7808793107	1.0	0.7875	0.2125	0.00879963642372	
1749.06390232	37.8446816182	1.0	0.785	0.215	0.00918483699418	
1749.94500364	38.1333198368	1.0	0.7825	0.2175	0.00921353403784	
1750.66662701	38.133330966	1.0	0.78	0.22	0.00685530799182	
1751.13611461	38.321114876	1.0	0.7775	0.2225	0.00941770597702	
1751.89504076	38.4369014274	1.0	0.775	0.225	0.00956223085823	
1752.18810288	38.4383397251	1.0	0.7725	0.2275	0.0096541195693	
1752.73161637	38.654306824	1.0	0.77	0.23	0.00961026239154	
1753.36011313	38.6897384293	1.0	0.7675	0.2325	0.00978447589391	
1754.65248843	39.1712569418	1.0	0.765	0.235	0.00978600577505	
1756.05535546	39.2508852442	1.0	0.7625	0.2375	0.0102241623383	
1756.61902949	39.3967265532	1.0	0.76	0.24	0.0102695625147	
1757.04018274	39.4193465413	1.0	0.7575	0.2425	0.0103850212656	
1757.63989546	39.6366116425	1.0	0.755	0.245	0.0103713926564	
1758.92708205	39.9342211768	1.0	0.7525	0.2475	0.0105580157055	
1760.09760005	40.1048188439	1.0	0.75	0.25	0.0108315628628	
1761.89630363	40.6537026066	1.0	0.7475	0.2525	0.0109761448516	
1763.89198152	40.9030900001	1.0	0.745	0.255	0.0115367538479	
1764.70575509	40.979212037	1.0	0.7425	0.2575	0.0117795421189	
1765.35533762	41.162923011	1.0	0.74	0.26	0.0118254780586	
1766.02255226	41.2460978926	1.0	0.7375	0.2625	0.0119969934701	
1767.4727524	41.7430030674	1.0	0.735	0.265	0.0120525981931	
1770.1984829	42.3363900929	1.0	0.7325	0.2675	0.0126000907104	
1772.5609254	42.6879800691	1.0	0.73	0.27	0.01329301491	
1773.47279999	42.7011399287	1.0	0.7275	0.2725	0.013699431237	
1774.42149527	43.0674581796	1.0	0.725	0.275	0.0136712021651	
1775.39936843	43.0922891916	1.0	0.7225	0.2775	0.0141090422132	
1776.08000916	43.339714474	1.0	0.72	0.28	0.014093819857	
1776.75898295	43.3638787058	1.0	0.7175	0.2825	0.0143815423112	
1777.30151272	43.5567263841	1.0	0.715	0.285	0.0143632944027	
1778.84134156	43.9798102413	1.0	0.7125	0.2875	0.0145786323515	
1780.43536243	44.1943347304	1.0	0.71	0.29	0.0151233257567	
1781.46457308	44.3914945015	1.0	0.7075	0.2925	0.0153803138125	
1782.32022557	44.536595725	1.0	0.705	0.295	0.015615151498	
1783.12460566	44.7132465389	1.0	0.7025	0.2975	0.0157752607231	
1784.38518763	45.0408285132	1.0	0.7	0.3	0.0159839486834	
1785.2380774	45.0544024484	1.0	0.6975	0.3025	0.0164290752219	
1785.34204947	45.0824173396	1.0	0.695	0.305	0.0163890325069	
1786.30567868	45.4398541306	1.0	0.6925	0.3075	0.0163741885934	
1787.71960701	45.6479886723	1.0	0.69	0.31	0.0168742557161	
1788.31517515	45.6780813892	1.0	0.6875	0.3125	0.0171462069375	
1788.65392658	45.7834892439	1.0	0.685	0.315	0.0171322876405	
1790.03591305	46.2308759748	1.0	0.6825	0.3175	0.0172396347061	
1791.49642709	46.3676948608	1.0	0.68	0.32	0.0179132192298	
1792.07288916	46.461460804	1.0	0.6775	0.3225	0.0180779803194	
1792.31779262	46.4656562424	1.0	0.675	0.325	0.0181667906259	
1792.6212737	46.5828532367	1.0	0.6725	0.3275	0.0181105118912	
1793.71801545	46.9043529453	1.0	0.67	0.33	0.0182422192258	
1794.82750766	47.0266501175	1.0	0.6675	0.3325	0.0187283196328	
1795.46825783	47.1606530153	1.0	0.665	0.335	0.0188732336009	
1796.07713365	47.2702004467	1.0	0.6625	0.3375	0.0190387630008	
1796.73925731	47.4255024779	1.0	0.66	0.34	0.0191621552285	
1797.49184518	47.5712355937	1.0	0.6575	0.3425	0.019367557554	
1797.92520065	47.5988446667	1.0	0.655	0.345	0.0195590972618	
1798.00504576	47.6031736372	1.0	0.6525	0.3475	0.0195274353549	
1798.30216267	47.7176914293	1.0	0.65	0.35	0.019466923358	
1798.78287458	47.7954584022	1.0	0.6475	0.3525	0.0195995855611	
1799.6063829	48.0470947567	1.0	0.645	0.355	0.0196661983898	
1800.95833796	48.3362404272	1.0	0.6425	0.3575	0.0200530879105	
1801.73205482	48.3565815002	1.0	0.64	0.36	0.0205202634159	
1802.08770417	48.4785001686	1.0	0.6375	0.3625	0.0204766875397	
1802.5713868	48.5500545524	1.0	0.635	0.365	0.0206284909513	
1803.18239395	48.7229030291	1.0	0.6325	0.3675	0.0206840733623	
1804.0672732	48.9040062511	1.0	0.63	0.37	0.0209343322647	
1804.92714866	49.0668532147	1.0	0.6275	0.3725	0.0212038812053	
1805.34707525	49.0719768835	1.0	0.625	0.375	0.0214423075783	
1805.43423588	49.1017174695	1.0	0.6225	0.3775	0.0213639360008	
1806.01486856	49.304229954	1.0	0.62	0.38	0.0213368765733	
1807.53071755	49.7080570645	1.0	0.6175	0.3825	0.0216518185184	
1808.74395096	49.7895233203	1.0	0.615	0.385	0.0223807107295	
1809.04910567	49.8301189485	1.0	0.6125	0.3875	0.0224583948195	
1809.20454873	49.851700544	1.0	0.61	0.39	0.0224481341966	
1809.3604413	49.8924759746	1.0	0.6075	0.3925	0.0224042686802	
1809.72873704	49.99901884	1.0	0.605	0.395	0.0223941841799	
1810.20892062	50.0845494086	1.0	0.6025	0.3975	0.0225223081828	
1810.80080902	50.2357741996	1.0	0.6	0.4	0.0226054391335	
1811.23524809	50.258325038	1.0	0.5975	0.4025	0.02282643501	
1811.67425274	50.4113760573	1.0	0.595	0.405	0.0227778655349	
1812.53151476	50.6012298456	1.0	0.5925	0.4075	0.0230030596608	
1813.16633573	50.6653044453	1.0	0.59	0.41	0.0233080500675	
1813.4937822	50.7322084347	1.0	0.5875	0.4125	0.0233452393898	
1814.07730369	50.8987130414	1.0	0.585	0.415	0.0233897476509	
1814.57648485	50.9318808975	1.0	0.5825	0.4175	0.0236464411678	
1814.98358859	51.0615545396	1.0	0.58	0.42	0.0236176874739	
1815.37798391	51.0896390249	1.0	0.5775	0.4225	0.0237945847411	
1815.55160585	51.1310033163	1.0	0.575	0.425	0.0237545401856	
1815.80179669	51.1897153603	1.0	0.5725	0.4275	0.0237411319217	
1816.15795214	51.273465497	1.0	0.57	0.43	0.0237645003191	
1816.3806268	51.2787852246	1.0	0.5675	0.4325	0.0238359077195	
1816.49166543	51.3178809487	1.0	0.565	0.435	0.0237493315865	
1816.98105016	51.4745391165	1.0	0.5625	0.4375	0.0237290289077	
1817.81187149	51.6502094792	1.0	0.56	0.44	0.0239630331612	
1818.38996143	51.7057750938	1.0	0.5575	0.4425	0.0242424367334	
1818.53780023	51.7093449981	1.0	0.555	0.445	0.0242351972627	
1818.64648246	51.7492479842	1.0	0.5525	0.4475	0.0241560293667	
1818.76270672	51.7558347031	1.0	0.55	0.45	0.0241273827849	
1819.06724134	51.871061832	1.0	0.5475	0.4525	0.0240381905813	
1819.737447	52.0239169673	1.0	0.545	0.455	0.0241806496546	
1820.38064249	52.1283400271	1.0	0.5425	0.4575	0.0244064792699	
1820.683004	52.1448615713	1.0	0.54	0.46	0.0245253795603	
1820.94729328	52.2340557419	1.0	0.5375	0.4625	0.0244498728856	
1821.43580929	52.3402679726	1.0	0.535	0.465	0.0245340831832	
1822.08758115	52.4947644867	1.0	0.5325	0.4675	0.0246560928453	
1822.73293668	52.5984101849	1.0	0.53	0.47	0.0248861819252	
1823.090684	52.6378634166	1.0	0.5275	0.4725	0.0250038000068	
1823.36319094	52.707412958	1.0	0.525	0.475	0.024974776488	
1823.95315992	52.8738510082	1.0	0.5225	0.4775	0.0250126423295	
1824.52742246	52.9371179775	1.0	0.52	0.48	0.0252709420931	
1824.94030086	53.0390023669	1.0	0.5175	0.4825	0.0252939326804	
1825.61148738	53.2055925851	1.0	0.515	0.485	0.0254056352667	
1826.72026354	53.4825128306	1.0	0.5125	0.4875	0.0256650157952	
1827.58232165	53.5504158278	1.0	0.51	0.49	0.0261859823934	
1827.84761651	53.5886307774	1.0	0.5075	0.4925	0.0262212743355	
1829.38151141	54.1639737852	1.0	0.505	0.495	0.0261793453078	
1830.990873	54.2323754129	1.0	0.5025	0.4975	0.0274317052805	
1832.36321588	54.7129109382	1.0	0.5	0.5	0.0274647424155	
1833.67689636	54.7578476052	1.0	0.4975	0.5025	0.0285300077512	
1833.96362396	54.8276019777	1.0	0.495	0.505	0.0285009749822	
1834.23829507	54.8677160501	1.0	0.4925	0.5075	0.0285364783009	
1835.22647551	55.2228741535	1.0	0.49	0.51	0.0284933070875	
1836.27924427	55.2888235536	1.0	0.4875	0.5125	0.0292615103597	
1837.05917716	55.53484731	1.0	0.485	0.515	0.029284742812	
1837.689626	55.5410030918	1.0	0.4825	0.5175	0.0297700703116	
1837.7559855	55.5613911071	1.0	0.48	0.52	0.0296448980052	
1838.05046245	55.6587938745	1.0	0.4775	0.5225	0.029542306816	
1838.35406756	55.6828331506	1.0	0.475	0.525	0.0296488976928	
1838.54944968	55.7369467211	1.0	0.4725	0.5275	0.0295512027934	
1838.71067107	55.7473217086	1.0	0.47	0.53	0.0295469340239	
1839.21239698	55.9376370821	1.0	0.4675	0.5325	0.0294094812948	
1839.99758006	56.0613949438	1.0	0.465	0.535	0.0297524402565	
1840.38798697	56.0937998448	1.0	0.4625	0.5375	0.0299196549813	
1840.81892974	56.2337720506	1.0	0.46	0.54	0.0298444870488	
1841.50052665	56.3664386089	1.0	0.4575	0.5425	0.0300548549621	
1841.90942463	56.3973312411	1.0	0.455	0.545	0.0302482558684	
1842.25999371	56.5066662442	1.0	0.4525	0.5475	0.0301616993442	
1842.62618343	56.5438071293	1.0	0.45	0.55	0.0302908914109	
1842.78907062	56.57182112	1.0	0.4475	0.5525	0.0302191011274	
1843.18142859	56.7007503177	1.0	0.445	0.555	0.0301272125574	
1843.53421999	56.712937677	1.0	0.4425	0.5575	0.0302988273041	
1843.75853561	56.790476567	1.0	0.44	0.56	0.0301657629499	
1844.02316234	56.818788369	1.0	0.4375	0.5625	0.0302030417744	
1844.16610774	56.8476547271	1.0	0.435	0.565	0.0301038335613	
1844.49909331	56.9519825978	1.0	0.4325	0.5675	0.0300092230029	
1844.84072462	56.9843072521	1.0	0.43	0.57	0.0301119432005	
1845.19092976	57.0920646519	1.0	0.4275	0.5725	0.0300241194792	
1845.90249764	57.2689344043	1.0	0.425	0.575	0.0301354388514	
1846.50232873	57.3319970863	1.0	0.4225	0.5775	0.0304315934258	
1846.84100141	57.4044034762	1.0	0.42	0.58	0.030420052767	
1847.02783762	57.4067315738	1.0	0.4175	0.5825	0.0304114322198	
1847.23786303	57.4884136377	1.0	0.415	0.585	0.0302590132305	
1847.95444321	57.6933636445	1.0	0.4125	0.5875	0.0302949678038	
1848.62584707	57.7569751853	1.0	0.41	0.59	0.0306607636292	
1849.1280868	57.8942595365	1.0	0.4075	0.5925	0.0306466532673	
1849.76271795	58.0108276428	1.0	0.405	0.595	0.0308283073799	
1850.29270898	58.1062559474	1.0	0.4025	0.5975	0.0309562406594	
1851.28611745	58.4081910322	1.0	0.4	0.6	0.0310229360993	
1852.21469718	58.4776878399	1.0	0.3975	0.6025	0.0316585015566	
1852.88066891	58.6745797232	1.0	0.395	0.605	0.0316526365105	
1853.48148219	58.7180131528	1.0	0.3925	0.6075	0.0320012283424	
1853.68295663	58.7551694978	1.0	0.39	0.61	0.0319209457	
1853.9328814	58.8179830617	1.0	0.3875	0.6125	0.0318179079132	
1854.39903629	58.9416314557	1.0	0.385	0.615	0.0317890425834	
1854.98308257	59.0516015714	1.0	0.3825	0.6175	0.0319272862566	
1855.35883191	59.0919311936	1.0	0.38	0.62	0.0320274881179	
1856.02009074	59.3161051029	1.0	0.3775	0.6225	0.0319294309614	
1856.87491774	59.4338619918	1.0	0.375	0.625	0.0323467403786	
1857.26277327	59.4712473174	1.0	0.3725	0.6275	0.0324641838388	
1857.86576848	59.6750600755	1.0	0.37	0.63	0.0323521480086	
1858.48396668	59.7185265975	1.0	0.3675	0.6325	0.0327105528477	
1858.67825771	59.7527764871	1.0	0.365	0.635	0.0326160452382	
1858.8813472	59.7997623934	1.0	0.3625	0.6375	0.032488236966	
1859.01754971	59.8072574894	1.0	0.36	0.64	0.0323901565654	
1859.17240265	59.8617035718	1.0	0.3575	0.6425	0.0321956991496	
1859.37031928	59.8864241403	1.0	0.355	0.645	0.0321217282358	
1859.49228245	59.9104888389	1.0	0.3525	0.6475	0.0319699887566	
1859.55673352	59.9122045679	1.0	0.35	0.65	0.0317496982418	
1859.98714102	60.0826518385	1.0	0.3475	0.6525	0.0315878553	
1860.75771908	60.2204357936	1.0	0.345	0.655	0.0318301296261	
1861.26509968	60.2856040767	1.0	0.3425	0.6575	0.0319817847005	
1861.45820879	60.2976794409	1.0	0.34	0.66	0.0319319229239	
1861.59548831	60.3405158836	1.0	0.3375	0.6625	0.0317312280051	
1862.06718118	60.4863565897	1.0	0.335	0.665	0.0316139151124	
1863.09927199	60.753352207	1.0	0.3325	0.6675	0.0317793787043	
1863.82707829	60.7774791072	1.0	0.33	0.67	0.0322796790321	
1864.59721024	61.0614049907	1.0	0.3275	0.6725	0.0321050264412	
1865.31300378	61.0637965193	1.0	0.325	0.675	0.0326035868324	
1865.34381767	61.0737305505	1.0	0.3225	0.6775	0.0324098489907	
1865.75239115	61.2272259077	1.0	0.32	0.68	0.0321895630905	
1866.18574045	61.2470702721	1.0	0.3175	0.6825	0.0323639708816	
1866.65903782	61.4165448576	1.0	0.315	0.685	0.0321680099794	
1867.32684341	61.514192507	1.0	0.3125	0.6875	0.0323856647065	
1867.60813116	61.5290599565	1.0	0.31	0.69	0.0324009825291	
1867.77031564	61.5790662994	1.0	0.3075	0.6925	0.0321797556467	
1867.98113176	61.6133864028	1.0	0.305	0.695	0.0320602553196	
1868.20263857	61.6676690267	1.0	0.3025	0.6975	0.0318934879007	
1868.37239915	61.6812906345	1.0	0.3	0.7	0.031779790681	
1868.7258756	61.8090596046	1.0	0.2975	0.7025	0.031554431733	
1869.41301835	61.9561477369	1.0	0.295	0.705	0.0316383478248	
1870.0910689	62.0802798251	1.0	0.2925	0.7075	0.0317708875899	
1870.47960852	62.1115635835	1.0	0.29	0.71	0.0318406036067	
1870.60503176	62.1304491221	1.0	0.2875	0.7125	0.0316559335553	
1870.74223784	62.1664460142	1.0	0.285	0.715	0.0314315804167	
1870.90021283	62.1936391162	1.0	0.2825	0.7175	0.0312547847837	
1870.97013893	62.1944164576	1.0	0.28	0.72	0.0310145418513	
1871.167583	62.2726167438	1.0	0.2775	0.7225	0.0307808844561	
1871.75532361	62.4295127009	1.0	0.275	0.725	0.0307099552583	
1872.15667367	62.4331567658	1.0	0.2725	0.7275	0.0308603926376	
1872.36795816	62.5140264986	1.0	0.27	0.73	0.0305761708686	
1872.84597994	62.6243654793	1.0	0.2675	0.7325	0.0305054139276	
1873.99645579	62.9742168374	1.0	0.265	0.735	0.0305109173975	
1875.55797585	63.2489735008	1.0	0.2625	0.7375	0.031144946181	
1876.9507995	63.5313462978	1.0	0.26	0.74	0.0315839809208	
1877.7357807	63.5629659833	1.0	0.2575	0.7425	0.0320476362669	
1878.63511482	63.8910799452	1.0	0.255	0.745	0.0318239872282	
1879.50746012	63.9119041017	1.0	0.2525	0.7475	0.0324092953539	
1879.73408712	63.9817307444	1.0	0.25	0.75	0.0321470483704	
1879.98273662	64.0113639029	1.0	0.2475	0.7525	0.0320178999493	
1880.12127701	64.0371469021	1.0	0.245	0.755	0.0317805142577	
1880.29069442	64.0791308669	1.0	0.2425	0.7575	0.0315250683913	
1880.69115085	64.1973294744	1.0	0.24	0.76	0.0313170325679	
1881.20564585	64.284928867	1.0	0.2375	0.7625	0.0313068626859	
1881.42825458	64.2863729669	1.0	0.235	0.765	0.0312762410309	
1881.47968072	64.3054993226	1.0	0.2325	0.7675	0.0308823978095	
1881.79115731	64.4109636029	1.0	0.23	0.77	0.0306089360695	
1882.10125984	64.4295403339	1.0	0.2275	0.7725	0.0305475901354	
1882.43077185	64.5427684062	1.0	0.225	0.775	0.0302674412443	
1882.75909664	64.5608702483	1.0	0.2225	0.7775	0.0302278724295	
1883.44656431	64.8177554759	1.0	0.22	0.78	0.0299336564956	
1884.28045996	64.8944285077	1.0	0.2175	0.7825	0.0302496964518	
1884.80778111	65.0286839372	1.0	0.215	0.785	0.0301003669669	
1885.52805757	65.1825390913	1.0	0.2125	0.7875	0.0300940646256	
1886.49683082	65.4161932377	1.0	0.21	0.79	0.030133696087	
1887.14693637	65.4425813083	1.0	0.2075	0.7925	0.0303752481079	
1887.26268755	65.4624937127	1.0	0.205	0.795	0.0300771045376	
1887.58552241	65.5717152517	1.0	0.2025	0.7975	0.0297655355173	
1888.04219222	65.6451616343	1.0	0.2	0.8	0.0296755994196	
1888.75394906	65.8564179897	1.0	0.1975	0.8025	0.0294910113477	
1889.31863242	65.8710349801	1.0	0.195	0.805	0.0296469791575	
1889.73260931	66.022008742	1.0	0.1925	0.8075	0.0293070200414	
1890.12198094	66.0267836327	1.0	0.19	0.81	0.0293039366407	
1890.71491249	66.2591813633	1.0	0.1875	0.8125	0.028931576896	
1891.36520608	66.2869010704	1.0	0.185	0.815	0.0291142093182	
1891.47494016	66.3030749941	1.0	0.1825	0.8175	0.0287931518782	
1891.51933817	66.3046602759	1.0	0.18	0.82	0.0284908431449	
1892.397894	66.654497323	1.0	0.1775	0.8225	0.0280569731922	
1893.37253227	66.6945155863	1.0	0.175	0.825	0.0284942227047	
1893.54381376	66.7230099185	1.0	0.1725	0.8275	0.0281835019677	
1893.70796243	66.7601750552	1.0	0.17	0.83	0.0278487785542	
1893.89579579	66.7981432611	1.0	0.1675	0.8325	0.0275330270113	
1894.07422354	66.8315461551	1.0	0.165	0.835	0.0272121949722	
1894.20947439	66.8522436007	1.0	0.1625	0.8375	0.0268794257122	
1894.59075423	66.9840580901	1.0	0.16	0.84	0.0265205182678	
1895.50528206	67.2180547353	1.0	0.1575	0.8425	0.0264026482004	
1896.13885259	67.2374863014	1.0	0.155	0.845	0.0265024510865	
1896.21181474	67.2472395928	1.0	0.1525	0.8475	0.0261267470149	
1896.27142741	67.2613313709	1.0	0.15	0.85	0.0257276849548	
1897.22524068	67.6287648999	1.0	0.1475	0.8525	0.0253333415673	
1898.14695951	67.6300189057	1.0	0.145	0.855	0.0256745572662	
1898.3548285	67.7119124956	1.0	0.1425	0.8575	0.0252544341006	
1898.65021265	67.7481725631	1.0	0.14	0.86	0.0249880090335	
1898.75174609	67.7525258726	1.0	0.1375	0.8625	0.0246408594737	
1898.92681096	67.8181985127	1.0	0.135	0.865	0.0241942108927	
1899.16456041	67.8476256505	1.0	0.1325	0.8675	0.0238885758575	
1899.43952372	67.9281838385	1.0	0.13	0.87	0.0234986091077	
1899.81286672	67.9969628491	1.0	0.1275	0.8725	0.023212417375	
1900.22586038	68.0933813012	1.0	0.125	0.875	0.0228964638292	
1900.63193015	68.1593907602	1.0	0.1225	0.8775	0.0226306270798	
1900.85013028	68.1806613506	1.0	0.12	0.88	0.0222957216192	
1901.19463845	68.2971940297	1.0	0.1175	0.8825	0.0218813835014	
1901.59751694	68.3418127458	1.0	0.115	0.885	0.0216371887745	
1902.09214597	68.4950456432	1.0	0.1125	0.8875	0.0212531604191	
1902.50773882	68.5080498851	1.0	0.11	0.89	0.0210502601956	
1903.03190713	68.7047129656	1.0	0.1075	0.8925	0.0206121550259	
1903.66928835	68.7630023726	1.0	0.105	0.895	0.0204761472259	
1904.16938785	68.9047527676	1.0	0.1025	0.8975	0.0200952578744	
1905.16026411	69.1593528747	1.0	0.1	0.9	0.0198496025617	
1905.80459398	69.1624847178	1.0	0.0975	0.9025	0.0197809024882	
1906.35428944	69.3792310571	1.0	0.095	0.905	0.0192879983235	
1907.09550187	69.4589696918	1.0	0.0925	0.9075	0.0191340913025	
1907.71934187	69.6287670554	1.0	0.09	0.91	0.0187538641566	
1908.62106354	69.8196583621	1.0	0.0875	0.9125	0.018504822084	
1909.1615075	69.8449446367	1.0	0.085	0.915	0.018278244942	
1909.64762737	70.014106312	1.0	0.0825	0.9175	0.0177906193004	
1911.6158416	70.6322303263	1.0	0.08	0.92	0.0175105143676	
1914.14229735	71.0246886148	1.0	0.0775	0.9225	0.0178657614547	
1915.24021549	71.0713975816	1.0	0.075	0.925	0.0178758168755	
1916.17672399	71.3992920132	1.0	0.0725	0.9275	0.0173633914641	
1917.18368992	71.4741839547	1.0	0.07	0.93	0.0172428607456	
1917.86808909	71.6730516796	1.0	0.0675	0.9325	0.0167490278613	
1919.72544492	72.2171262882	1.0	0.065	0.935	0.0164160933972	
1921.27512098	72.2929221037	1.0	0.0625	0.9375	0.0165258990435	
1921.6428472	72.3642167759	1.0	0.06	0.94	0.0159876118044	
1921.93941151	72.4115478293	1.0	0.0575	0.9425	0.0154389846565	
1922.14373633	72.4459467022	1.0	0.055	0.945	0.0148511917779	
1922.56986194	72.5819980736	1.0	0.0525	0.9475	0.0142470006305	
1923.04674461	72.6366997708	1.0	0.05	0.95	0.0137492208135	
1924.125456	73.0134826282	1.0	0.0475	0.9525	0.0131536098033	
1925.33929455	73.1222351918	1.0	0.045	0.955	0.0128830251475	
1926.23538279	73.3719179223	1.0	0.0425	0.9575	0.0123142116826	
1927.03764859	73.4431415144	1.0	0.04	0.96	0.0118687767406	
1929.28779183	74.2719752191	1.0	0.0375	0.9625	0.0112343052612	
1931.73115358	74.4204862138	1.0	0.035	0.965	0.0112608718666	
1932.21482301	74.4654429883	1.0	0.0325	0.9675	0.0106371165311	
1932.72721284	74.6254421474	1.0	0.03	0.97	0.00991349661695	
1933.46664253	74.7612148633	1.0	0.0275	0.9725	0.00926949802371	
1934.80239731	75.1597440588	1.0	0.025	0.975	0.00859024119929	
1935.86532675	75.1863866404	1.0	0.0225	0.9775	0.00806392388656	
1937.11541566	75.6597796244	1.0	0.02	0.98	0.00727236800065	
1939.11279807	75.9853396042	1.0	0.0175	0.9825	0.00671403633293	
1941.05610929	76.4371041126	1.0	0.015	0.985	0.00603002573444	
1942.67033882	76.631031415	1.0	0.0125	0.9875	0.00535831480317	
1944.02617859	76.9794400204	1.0	0.01	0.99	0.00453460389619	
