4.225069234346868541e+00
8.453181371878898176e+00
1.268347261128528380e+01
1.691508608876200981e+01
2.114618470457874011e+01
2.536975385330163135e+01
2.959674521290248705e+01
3.382294412627550173e+01
3.804965336337061643e+01
4.227890382346146225e+01
4.650985218964088119e+01
5.073530794356802431e+01
5.495845233629326998e+01
5.918545219673082158e+01
6.341848706124639534e+01
6.765031643239279902e+01
7.187854676081904870e+01
7.610710770870898045e+01
8.033866422229330340e+01
8.456885491598670512e+01
8.879810926858880293e+01
9.303042436216202304e+01
9.725924675404382924e+01
1.014880834080457674e+02
1.057160844257416414e+02
1.099442699765078828e+02
1.141805350434928954e+02
1.184072806935238447e+02
1.226359562155348755e+02
1.268629992712695582e+02
1.310920005880750239e+02
1.353241818943589578e+02
1.395530620756121039e+02
1.437812514554514678e+02
1.480095400284551488e+02
1.522330212107007128e+02
1.564599772808361422e+02
1.606853191416969082e+02
1.649171134466302533e+02
1.691422907604585930e+02
1.733673568003513594e+02
1.775850246349348822e+02
1.818127151317182495e+02
1.860424484021553155e+02
1.902732703586603122e+02
1.944969292149037301e+02
1.987275126883793916e+02
2.029443433039390356e+02
2.071702302988844906e+02
2.113970156471856114e+02
2.156271829566754263e+02
2.198463936684742919e+02
2.240757447992413915e+02
2.283045376894111769e+02
2.325330196782082908e+02
2.367566690469100195e+02
2.409887924263414902e+02
2.452134949860006543e+02
2.494424382340976933e+02
2.536778187253195824e+02
2.579015684966325921e+02
2.621326137467441413e+02
2.663640463175689774e+02
2.705945609223329029e+02
2.748269610108231973e+02
2.790570452605722949e+02
2.832857684645557015e+02
2.875146429666881431e+02
2.917399260859082801e+02
2.959679144080969309e+02
3.001944136282107252e+02
3.044199959392553296e+02
3.086477755476955736e+02
3.128777314701655428e+02
3.171015188762129924e+02
3.213251711023768848e+02
3.255543553395552294e+02
3.297811738138132682e+02
3.340015139065550329e+02
3.382301364392093319e+02
3.424602358414608148e+02
3.466867365131031420e+02
3.509125085186104798e+02
3.551403874092218871e+02
3.593709455319029189e+02
3.636021806699826016e+02
3.678282040493722320e+02
3.720578413383420298e+02
3.762844103230978590e+02
3.805144167025667912e+02
3.847388979927737864e+02
3.889656503724488630e+02
3.931980867890771378e+02
3.974291495983813434e+02
4.016575877068983118e+02
4.058784122313573448e+02
4.101053211028816463e+02
4.143355716245994813e+02
4.185606066307983042e+02
4.227850891531019215e+02
