1.415119033221279824e+04
2.818430739535620523e+04
4.250715591883412708e+04
5.723312819000688614e+04
7.168189378974233114e+04
8.538189208555806545e+04
1.002153937644399120e+05
1.150007705566899676e+05
1.291949054003288475e+05
1.439101640163524135e+05
1.574733251647828438e+05
1.694373217995057639e+05
1.827852277044092771e+05
1.949509992875381431e+05
2.100272095351054159e+05
2.221267948334719113e+05
2.365238432426892978e+05
2.499388842799989216e+05
2.643711366014436353e+05
2.806576869154789601e+05
2.943492521197804599e+05
3.103763641829909757e+05
3.257927845855390187e+05
3.410951335255712038e+05
3.548593038857126958e+05
3.670944512134029646e+05
3.785375205038498971e+05
3.952193074776223511e+05
4.074631975207946380e+05
4.220993089261715068e+05
4.389229935680957860e+05
4.520662546766322921e+05
4.661041492708940059e+05
4.752532378878070158e+05
4.886627423158833408e+05
5.043042460259733489e+05
5.207321912853738177e+05
5.358178966679582372e+05
5.465305430422642967e+05
5.611930956686462741e+05
5.811374503199588507e+05
5.928367917064615758e+05
6.080904431219856488e+05
6.251027287118730601e+05
6.387153065114467172e+05
6.484968037475487217e+05
6.630100110840982525e+05
6.717981513987573562e+05
6.816645355414281366e+05
6.982027235798698384e+05
7.113971525460783159e+05
7.314032322335825302e+05
7.425021361725549214e+05
7.569139133606351679e+05
7.756692587063685060e+05
7.898837321824829560e+05
8.038679985737794777e+05
8.162923960609785281e+05
8.292714932099902071e+05
8.408545258511118591e+05
8.553895067441172432e+05
8.685972095894678496e+05
8.839245115578849800e+05
8.979093772213773336e+05
9.087809505820726044e+05
9.222509315625989111e+05
9.389579312493744073e+05
9.575492691122123506e+05
9.711031681759241037e+05
9.866357974451535847e+05
9.971799284779337468e+05
1.010927755353573360e+06
1.025513441332943388e+06
1.045092419726331951e+06
1.064511805275335442e+06
1.077052861083362950e+06
1.090305243000217946e+06
1.108564157917333767e+06
1.124027414771292126e+06
1.135197871810471173e+06
1.148299396939843427e+06
1.159425684288884746e+06
1.174921315158589045e+06
1.188603078933195444e+06
1.197721817742669024e+06
1.207849015132925706e+06
1.226863778753743973e+06
1.242225791899471777e+06
1.248536287929671118e+06
1.265733565517185722e+06
1.283214395402835682e+06
1.304293282187817153e+06
1.320473378454806749e+06
1.336323808428175515e+06
1.356429257433652878e+06
1.371503876280610450e+06
1.384772002409772016e+06
1.399881595447947970e+06
1.416290031068077311e+06
1.430119518768297741e+06
