4.669644990026303276e+03
9.340831939619078184e+03
1.400843211721115586e+04
1.867697079971664425e+04
2.334933752407405700e+04
2.801788953213491186e+04
3.268953902486892912e+04
3.735471851755070384e+04
4.202297087661146361e+04
4.669105307947396068e+04
5.136328757967620913e+04
5.603582357684623275e+04
6.069872125900362880e+04
6.537134752148189727e+04
7.004549219344304584e+04
7.471377401817138889e+04
7.938674689805909293e+04
8.405334081509544922e+04
8.872558124532272632e+04
9.339657248453117791e+04
9.807112828427641944e+04
1.027476503705129435e+05
1.074139094483228837e+05
1.120828022715022234e+05
1.167492273267323471e+05
1.214186210606230743e+05
1.260952959269513376e+05
1.307667623722839198e+05
1.354373364929822565e+05
1.401084757558057609e+05
1.447807823855568422e+05
1.494581615527493705e+05
1.541226507742580143e+05
1.587891029968827206e+05
1.634601069712223543e+05
1.681254808610750770e+05
1.727888968460815377e+05
1.774554025972759700e+05
1.821257478028079204e+05
1.867890309095209523e+05
1.914570924587609188e+05
1.961148347874690080e+05
2.007846186199949589e+05
2.054565600821484986e+05
2.101290556805420783e+05
2.147979843713205773e+05
2.194710534318721911e+05
2.241325728088832693e+05
2.287963554505556531e+05
2.334685965338974202e+05
2.381399960438054404e+05
2.428070299043939740e+05
2.474797603198594588e+05
2.521489041670129809e+05
2.568167219265782915e+05
2.614801125884056382e+05
2.661528865994782536e+05
2.708188747085216455e+05
2.754907844188059098e+05
2.801690390429260442e+05
2.848330824068115908e+05
2.895024881040897453e+05
2.941765540853466955e+05
2.988482444668639218e+05
3.035194502684221952e+05
3.081909472654812853e+05
3.128612237886157236e+05
3.175331804718350177e+05
3.222002184848626493e+05
3.268709063577994239e+05
3.315374818960312987e+05
3.362021564463760587e+05
3.408730531605218421e+05
3.455428630924308090e+05
3.502092925679066684e+05
3.548773870505195810e+05
3.595482238941859687e+05
3.642161414923832635e+05
3.688768640223847469e+05
3.735486580615519779e+05
3.782191629292246653e+05
3.828864548994848737e+05
3.875555640072285314e+05
3.922232171483327984e+05
3.968944804373150109e+05
4.015636346650220221e+05
4.062310192675630096e+05
4.109000489326579846e+05
4.155672277416858124e+05
4.202399496227069758e+05
4.249085557002717396e+05
4.295803683431170066e+05
4.342562632147973636e+05
4.389270506727703614e+05
4.435979889296545880e+05
4.482625346351241460e+05
4.529323402799038449e+05
4.576047096363223973e+05
4.622706856918061385e+05
4.669340542539435555e+05
