1.456766786200935712e+04
2.843328834636013198e+04
4.342328662994734623e+04
5.821953688326547854e+04
7.200369630043482175e+04
8.667706911924532324e+04
1.008940162578133750e+05
1.160219004151290137e+05
1.293495109683267074e+05
1.441235149060119293e+05
1.595487679148715688e+05
1.740537352587253845e+05
1.902404201905810041e+05
2.047458669521917473e+05
2.193213786213892745e+05
2.318072447894519137e+05
2.450619905021913000e+05
2.556164489924830559e+05
2.674846153444795054e+05
2.842548449065171881e+05
3.006021414454909391e+05
3.168545132686122670e+05
3.283903232606860111e+05
3.429352320964059327e+05
3.599140017240847810e+05
3.724408647689364734e+05
3.842297906901668757e+05
3.917276213930866797e+05
4.036944978636404267e+05
4.160623640070133843e+05
4.304061537644527853e+05
4.475268676703433157e+05
4.659468103558241855e+05
4.811218372592282249e+05
4.917849671036914806e+05
5.073827306020505494e+05
5.208732366552912281e+05
5.368050244878522353e+05
5.456321774224735564e+05
5.599720119834193029e+05
5.715048855417324230e+05
5.858583335693980334e+05
5.992807656304585980e+05
6.109745337855382822e+05
6.259163106330841547e+05
6.361680234685174655e+05
6.527269596421021270e+05
6.670566465271946508e+05
6.840487799248454394e+05
6.968880169311718782e+05
7.098696576577266678e+05
7.263607994994897163e+05
7.413243399156216765e+05
7.569691329642098863e+05
7.738962220235604327e+05
7.917086924717876827e+05
8.089462111872658134e+05
8.201139515258232132e+05
8.327097475196691230e+05
8.500149440418197773e+05
8.578732303120763972e+05
8.657800676180825103e+05
8.815416421712285373e+05
8.902551398045810638e+05
9.011955362477016170e+05
9.147746347072564531e+05
9.274720273140710779e+05
9.364675690771985101e+05
9.541076056095962413e+05
9.693459189861915074e+05
9.845928119430602528e+05
9.981730989591378020e+05
1.009636936360467109e+06
1.031022191067803768e+06
1.044207294692783500e+06
1.057275903132143430e+06
1.079267108591214055e+06
1.093332819403241621e+06
1.099281448247154010e+06
1.118075633089770563e+06
1.126449975953065790e+06
1.138291870877846144e+06
1.152894895799421472e+06
1.164928224897935987e+06
1.183229784690379631e+06
1.203061918964404380e+06
1.218964402386578731e+06
1.231658722058743704e+06
1.244508659403059166e+06
1.255842614543767180e+06
1.278985298222495010e+06
1.291587266719960375e+06
1.312032126850823872e+06
1.331400787337722257e+06
1.342539456316191936e+06
1.358133577571315225e+06
1.367050854385640705e+06
1.376648298483889783e+06
1.395233883333645528e+06
1.406825861776937731e+06
