4.413548947023120839e+00
8.832184663436327909e+00
1.324887483057030835e+01
1.766977037763568958e+01
2.208472310129582183e+01
2.649417743009786719e+01
3.090709645910211378e+01
3.532117585972584095e+01
3.973849650723404636e+01
4.415455880807380851e+01
4.857418900178863908e+01
5.299021973879296610e+01
5.740174028916717930e+01
6.181636851786105780e+01
6.623532133348329864e+01
7.065146358332620480e+01
7.507172855919358767e+01
7.948554847349024044e+01
8.391149735058257875e+01
8.833063533762539521e+01
9.274878463098008297e+01
9.716707213962375533e+01
1.015823136961924860e+02
1.059952901169042576e+02
1.104105751069428010e+02
1.148306108019390308e+02
1.192546447713046689e+02
1.236679688055816371e+02
1.280870423396334843e+02
1.325093523350393809e+02
1.369301550055451173e+02
1.413475900358304500e+02
1.457632149102430219e+02
1.501742639028515214e+02
1.545946768091334320e+02
1.590117111149560856e+02
1.634187514047671357e+02
1.678273478386608986e+02
1.722467266114297786e+02
1.766583980603605823e+02
1.810741894535119343e+02
1.854811768690864824e+02
1.898977438998039418e+02
1.943148433879561594e+02
1.987354269702763077e+02
2.031475441618254365e+02
2.075656895777448767e+02
2.119730901498741957e+02
2.163896798105738242e+02
2.208084087422120092e+02
2.252259749286882595e+02
2.296403137739341673e+02
2.340592845307906202e+02
2.384777074506174301e+02
2.428928479620226142e+02
2.473004693936081821e+02
2.517186417211815694e+02
2.561303707119438968e+02
2.605510507647365444e+02
2.649741515735401549e+02
2.693895734339693604e+02
2.738085002935297325e+02
2.782253783261987223e+02
2.826466606153237535e+02
2.870610121607836618e+02
2.914783306806782548e+02
2.958926207968323183e+02
3.003066879201653023e+02
3.047206855766238505e+02
3.091367322966162874e+02
3.135462037344340729e+02
3.179633687942333609e+02
3.223818630732079100e+02
3.267943434957934983e+02
3.312021735256859643e+02
3.356188723657171522e+02
3.400329046055409208e+02
3.444463715052029329e+02
3.488565703973800396e+02
3.532699975966419288e+02
3.576868580357988208e+02
3.621025811367817369e+02
3.665139303564418469e+02
3.709281141544035449e+02
3.753418509312475635e+02
3.797620041993804421e+02
3.841726827498782200e+02
3.885932872843170571e+02
3.930043095306907617e+02
3.974196733003065560e+02
4.018340639168117150e+02
4.062471599900425190e+02
4.106663828422926485e+02
4.150852567390484182e+02
4.194957779018652104e+02
4.239025629943875515e+02
4.283196628427852488e+02
4.327386507158313407e+02
4.371532106654785252e+02
4.415641768548358073e+02
