6.382786299292643184e-01
1.276722820508132017e+00
1.915547227372530914e+00
2.554875870242864444e+00
3.194264432557689659e+00
3.832903576284705238e+00
4.471938702369089746e+00
5.110007352762452548e+00
5.748789039996727190e+00
6.387699647809313319e+00
7.026645511158640112e+00
7.665331170343129941e+00
8.302891922677167358e+00
8.941800447020169074e+00
9.581531165778237380e+00
1.022099513090136114e+01
1.085989174259903933e+01
1.149830488021905417e+01
1.213851766888243233e+01
1.277775631383428312e+01
1.341700534972361325e+01
1.405638650281374424e+01
1.469482315356496649e+01
1.533327590998328382e+01
1.597153796628280276e+01
1.661034336228191322e+01
1.725005147492875679e+01
1.788895218214431182e+01
1.852777158067356922e+01
1.916626720684828555e+01
1.980571836512689643e+01
2.044446944895036111e+01
2.108266404944696504e+01
2.172167704227587492e+01
2.236128789021070418e+01
2.299968541177002024e+01
2.363768942037381748e+01
2.427475751122288372e+01
2.491364763243174352e+01
2.555197927862982965e+01
2.619039287785996706e+01
2.682753054072782106e+01
2.746622706204173880e+01
2.810595001635011769e+01
2.874536664596643121e+01
2.938525761717688667e+01
3.002478470184009396e+01
3.066238720090130343e+01
3.130038876376174528e+01
3.193933826967666079e+01
3.257818710451755351e+01
3.321598489194253290e+01
3.385575081627118976e+01
3.449502995570510677e+01
3.513446154187995063e+01
3.577238418386271235e+01
3.641214958356817277e+01
3.705009319106930832e+01
3.768842974315006700e+01
3.832766281967641220e+01
3.896550360186210327e+01
3.960476140283675761e+01
4.024363587274195453e+01
4.088244548395478262e+01
4.152097486891125300e+01
4.215952932188115199e+01
4.279852959734252948e+01
4.343810819737338846e+01
4.407751707113444439e+01
4.471701555122044169e+01
4.535556268610107367e+01
4.599397282190546576e+01
4.663314222954338817e+01
4.727228069512129593e+01
4.791028548409670407e+01
4.854842129242148729e+01
4.918719925134461590e+01
4.982582522903449984e+01
5.046436380708103542e+01
5.110320466536225581e+01
5.174249613424398575e+01
5.238104051123982430e+01
5.302024862329670896e+01
5.365952568575595905e+01
5.429940414536918070e+01
5.493894269573606692e+01
5.557817955822778799e+01
5.621705162227272012e+01
5.685574809689909870e+01
5.749563384710143765e+01
5.813398372086586363e+01
5.877259396224818033e+01
5.941140027698367021e+01
6.004986967549419319e+01
6.068831832878104393e+01
6.132647311200042139e+01
6.196552477906304546e+01
6.260410741233707199e+01
6.324219329412306934e+01
6.388078154938661157e+01
