4.390445255830031535e+00
8.783832393014064266e+00
1.317582592085445903e+01
1.756922272791952722e+01
2.196107205404726770e+01
2.635175617909936108e+01
3.074144831294698221e+01
3.512846089657926996e+01
3.951852153967201531e+01
4.390848251977899253e+01
4.829745084826825519e+01
5.268748623139526188e+01
5.707428785048040254e+01
6.146661055514356775e+01
6.586264226929833399e+01
7.025699199550402341e+01
7.465348995790581910e+01
7.903939426436905080e+01
8.343420350828597520e+01
8.782812302246635738e+01
9.221987399751665748e+01
9.661548238695228008e+01
1.010086647087062488e+02
1.054011693290224088e+02
1.097918773444364007e+02
1.141810324321768206e+02
1.185775353057673982e+02
1.229717879590329517e+02
1.273639811120784486e+02
1.317546356768451972e+02
1.361481276223460668e+02
1.405452532494867341e+02
1.449377844046210839e+02
1.493268568950254576e+02
1.537172308506803518e+02
1.581036004004276379e+02
1.624917005779530825e+02
1.668779256294691322e+02
1.712750033149723379e+02
1.756628587886165462e+02
1.800566697095180189e+02
1.844387250339857474e+02
1.888284526014739413e+02
1.932206459265428862e+02
1.976145554315259858e+02
2.020039481186626915e+02
2.063982645885013767e+02
2.107778295529268746e+02
2.151691809219896356e+02
2.195629626112928179e+02
2.239550693749783363e+02
2.283384800179036063e+02
2.327337532117699368e+02
2.371242463489944328e+02
2.415137271631348312e+02
2.458975551604549707e+02
2.502912503493638781e+02
2.546788755421890471e+02
2.590732294290027085e+02
2.634693489093334051e+02
2.678558251890200950e+02
2.722497078236411880e+02
2.766446119197155440e+02
2.810388998025038632e+02
2.854351447973586460e+02
2.898290850136105519e+02
2.942199996567593985e+02
2.986103267304648625e+02
3.029999032432608033e+02
3.073933528776628918e+02
3.117789241683762498e+02
3.161726360749456717e+02
3.205654620737118421e+02
3.249597522597197781e+02
3.293455198467434002e+02
3.337326721327033283e+02
3.381229387729958944e+02
3.425113146876886390e+02
3.468933081527120521e+02
3.512833238945431162e+02
3.556730040650727460e+02
3.600605536127612254e+02
3.644520935759978784e+02
3.688408257384705280e+02
3.732340981005120284e+02
3.776318522323163052e+02
3.820183078788678586e+02
3.864114442355745496e+02
3.908009630309790623e+02
3.951977725345313956e+02
3.995869836089539149e+02
4.039783275054287515e+02
4.083728280748896964e+02
4.127655967694435049e+02
4.171571698708805229e+02
4.215397402870294172e+02
4.259328144131982299e+02
4.303246654083029057e+02
4.347120606057662258e+02
4.391014088968873921e+02
