1.452629810474286023e+04
2.815060499290902226e+04
4.320853410920711030e+04
5.749448078256900772e+04
7.073146473327586136e+04
8.503187051301212341e+04
1.002243562130606733e+05
1.156459436736545031e+05
1.297858710178718175e+05
1.442394907223951595e+05
1.585268290389678441e+05
1.711903760838658491e+05
1.860398317203222250e+05
2.012777722164402076e+05
2.152178489418587706e+05
2.287810267367389752e+05
2.437864795844041219e+05
2.554831808439541492e+05
2.685570062807096983e+05
2.826143206234130776e+05
2.991620970169914654e+05
3.124753616596740321e+05
3.269416759468835080e+05
3.428705639678734005e+05
3.553918105005322141e+05
3.702413293934980175e+05
3.842992596548475558e+05
3.986349925305402139e+05
4.094706228766330169e+05
4.209172878002561629e+05
4.344362359777789097e+05
4.508333952927528881e+05
4.642883977976685856e+05
4.761745356569662690e+05
4.893532170815784484e+05
5.033540100683253841e+05
5.198190802402707050e+05
5.329055203567526769e+05
5.498335349587174132e+05
5.617035757009712979e+05
5.774072871943000937e+05
5.889875365489998367e+05
6.022325640642935177e+05
6.186531482635529246e+05
6.341731362187362975e+05
6.493277579038648400e+05
6.657937536184240598e+05
6.779929446143521927e+05
6.893537238444131799e+05
7.068001621645898558e+05
7.195278646273638587e+05
7.310730632171757752e+05
7.463323677670822944e+05
7.636228421689505922e+05
7.742447820378061151e+05
7.869559612344190245e+05
8.006551771470899694e+05
8.182057223648787476e+05
8.345581027296490502e+05
8.501764445693619782e+05
8.629116645689063007e+05
8.785326232305420563e+05
8.947132355374777690e+05
9.033551268019839190e+05
9.152835100218122825e+05
9.335242103934580227e+05
9.435725269162661862e+05
9.591812604251026642e+05
9.697788165741595440e+05
9.840176671114929486e+05
1.002073315558292437e+06
1.018574934675615863e+06
1.038144271445227670e+06
1.057522350493474165e+06
1.072502900252104038e+06
1.092255477812814293e+06
1.104233001352718100e+06
1.124644425424332498e+06
1.132659527911133133e+06
1.143630570468500257e+06
1.157069961932709208e+06
1.167941888198141707e+06
1.189344914655380882e+06
1.202154857239191188e+06
1.215853573758365121e+06
1.226525552855590358e+06
1.242614010415935423e+06
1.257250954143806361e+06
1.268265430618227227e+06
1.286142103094389895e+06
1.295426890241515590e+06
1.315128329908163752e+06
1.330033111685474403e+06
1.347255455497233197e+06
1.364401898156073643e+06
1.378825700739554362e+06
1.397481823256073520e+06
1.415058020653142827e+06
1.434222522420011461e+06
1.447424808510567760e+06
