7.187224594423386407e+03
1.430563942358169152e+04
2.131881539653575601e+04
2.802321969977120534e+04
3.495958895293305977e+04
4.216949932926645852e+04
4.898102020825372165e+04
5.601085594825763110e+04
6.362570120603391115e+04
7.129061232649920566e+04
7.806803461753187003e+04
8.496238823117151333e+04
9.197057692773858435e+04
1.009384522911496024e+05
1.081119535522836959e+05
1.156066114418545912e+05
1.223407396460134914e+05
1.282504490900828387e+05
1.352891340828483226e+05
1.435304052257231087e+05
1.508328099362250068e+05
1.571228841016996885e+05
1.643195705382405140e+05
1.725215227664752747e+05
1.799771414017641800e+05
1.868881880753535370e+05
1.935211058641815616e+05
2.002817818266250251e+05
2.079425779446774686e+05
2.136215742518521438e+05
2.210882661056079087e+05
2.281290751853792754e+05
2.353459371191867394e+05
2.405400822682869039e+05
2.485338140427182661e+05
2.545031643874533183e+05
2.599571140092757705e+05
2.660004478359017521e+05
2.747741656663764152e+05
2.823540866722836508e+05
2.937166603896426968e+05
2.997292049425521400e+05
3.071816274594622664e+05
3.136135426951591508e+05
3.191913086112631718e+05
3.249928693996875081e+05
3.331641588672249927e+05
3.406965575879862299e+05
3.488921508723631268e+05
3.568723124608442886e+05
3.643160921409713337e+05
3.737403199402454775e+05
3.787286816758060595e+05
3.854765798233139794e+05
3.928687954602621612e+05
4.017325173160016420e+05
4.062773576992744929e+05
4.146938027636312763e+05
4.211162428400508943e+05
4.246992646658425219e+05
4.331394941778018838e+05
4.382594893805124448e+05
4.449850346751079778e+05
4.512666191511388170e+05
4.591808141879959148e+05
4.651962219302866142e+05
4.715443389372375095e+05
4.783451594782355241e+05
4.873705516553064226e+05
4.939919900522902608e+05
5.003606288026655675e+05
5.083073709783474915e+05
5.146278482199012651e+05
5.160952327776998864e+05
5.251184342819652520e+05
5.348558683652085019e+05
5.419946451318722684e+05
5.495464669303650735e+05
5.573724357828055508e+05
5.631751152126626112e+05
5.721889747292497195e+05
5.785718095720910933e+05
5.854413666339745978e+05
5.914252926102333004e+05
6.001755788978427881e+05
6.057107299022285733e+05
6.133155207042711554e+05
6.201092099061365006e+05
6.290454570147566264e+05
6.335753289102884009e+05
6.406670494924031664e+05
6.481662818264038069e+05
6.517238279252840439e+05
6.591902867287413683e+05
6.636724831917884294e+05
6.707930753765923437e+05
6.756360203844943317e+05
6.820117638396826806e+05
6.893702471105736913e+05
6.967877320584548870e+05
