1.404222932981316626e+04
2.895754498061413324e+04
4.281674326459734584e+04
5.704585562874496827e+04
7.210732378028972016e+04
8.817956769844189694e+04
1.021251377523241390e+05
1.146394993133084354e+05
1.291479723995091335e+05
1.432914088153631601e+05
1.572978682536527922e+05
1.687186046669273928e+05
1.847457933038074116e+05
2.007149157941813755e+05
2.143640625148733088e+05
2.260024113089792372e+05
2.418084285540414858e+05
2.535869204804807960e+05
2.713378157105650753e+05
2.822534322483790456e+05
2.957712484673092258e+05
3.091430886378645664e+05
3.237134399075962137e+05
3.357015239553098218e+05
3.465790700622255099e+05
3.617832582165466738e+05
3.733536894951015129e+05
3.884220559354806901e+05
4.056021443988385727e+05
4.240235852648096043e+05
4.373672330078312661e+05
4.518298717589048902e+05
4.625564279067391180e+05
4.818650879296544008e+05
4.971218821949178237e+05
5.104696915504118660e+05
5.243820119852840435e+05
5.379058409019145183e+05
5.534326772065825062e+05
5.693227756700388854e+05
5.827430570097740274e+05
5.963330056253672810e+05
6.071824791591884568e+05
6.198310610456354916e+05
6.343233504532531369e+05
6.500227371989005478e+05
6.592666606408364605e+05
6.732598561878536129e+05
6.909904860298417043e+05
7.086831419903412461e+05
7.222693651304490631e+05
7.400443910542936064e+05
7.514502422120769043e+05
7.648082158898736816e+05
7.772207444583013421e+05
7.898229892868344905e+05
8.039824495753524825e+05
8.185623825416408945e+05
8.283054497835269431e+05
8.419211005177503685e+05
8.578720484141345369e+05
8.729031101603099378e+05
8.906720667885250878e+05
9.044642897460211534e+05
9.170738856468257727e+05
9.321769832402549218e+05
9.487720521979709156e+05
9.608191745448641013e+05
9.714239053138233721e+05
9.875875415711614769e+05
9.936872169720849488e+05
1.008789984965806943e+06
1.019481643496091245e+06
1.030471000477627618e+06
1.042745217023209785e+06
1.060201230381363304e+06
1.075034632181545952e+06
1.089563820109989960e+06
1.106020700228589354e+06
1.122406003941951785e+06
1.137917428963311715e+06
1.152832668040443445e+06
1.167074395084317308e+06
1.179776628478759667e+06
1.195117357473657699e+06
1.206487129115949385e+06
1.224735769844192779e+06
1.238878557048501447e+06
1.262545587252312340e+06
1.272774697538084816e+06
1.291354695839258144e+06
1.302881776433009421e+06
1.322421152922109468e+06
1.336348991177568678e+06
1.355113508717191173e+06
1.374925477481819456e+06
1.396004773769468768e+06
1.407312437507220777e+06
1.425183749826518586e+06
1.439736512457297416e+06
