simulation_name = 'MyFirstTPD_Precovered'
start = 1618366636.2390406
occ_header_string = 'CO_simple_cubic_coord1 empty_simple_cubic_coord1'
occ_header_array = ['CO_simple_cubic_coord1', 'empty_simple_cubic_coord1']
TOF_header_string = 'CO_Desorption Do_nothing'
TOF_header_array = ['CO_Desorption', 'Do_nothing']
data_file_name = 'MyFirstTPD_Precovered_TOFs_and_Coverages.csv'
parameters_of_interest = ['T']
steps_so_far = 40
snapshots_so_far = 4
write_output = True
TOF_data_list = [0.08757398134086185, 0.0]
TOF_integ_list = [0.08292654141802576, 0.0]
occ_data_list = [[0.9], [0.1]]
last_snapshot_outputs = ['MyFirstTPD_Precovered', 4, 40, 2.068353255692924, 10, 0.28547291806562014, 308.9144016881365, 0.08757398134086185, 0.0, 0.08292654141802576, 0.0, 0.9, 0.1]
snapshot_output_headers = ['Simulation_name', 'Step', 'Time_(s)', 'sps', 'tps', 'T', 'CO_Desorption_tof_data', 'Do_nothing_tof_data', 'CO_Desorption_tof_integ', 'Do_nothing_tof_integ', 'CO_simple_cubic_coord1', 'empty_simple_cubic_coord1']
kmc_time = 2.068353255692924
config = [[[[0]], [[0]], [[0]], [[0]], [[1]], [[0]], [[0]], [[0]], [[1]], [[0]], [[0]], [[0]], [[0]], [[0]], [[0]], [[1]], [[0]], [[0]], [[0]], [[0]]], [[[0]], [[0]], [[0]], [[0]], [[0]], [[0]], [[0]], [[0]], [[0]], [[0]], [[0]], [[0]], [[0]], [[0]], [[0]], [[0]], [[0]], [[0]], [[0]], [[0]]], [[[0]], [[0]], [[0]], [[0]], [[1]], [[0]], [[0]], [[0]], [[0]], [[0]], [[0]], [[0]], [[0]], [[0]], [[0]], [[0]], [[0]], [[0]], [[0]], [[0]]], [[[0]], [[0]], [[1]], [[0]], [[0]], [[0]], [[0]], [[0]], [[0]], [[0]], [[0]], [[1]], [[0]], [[0]], [[0]], [[0]], [[0]], [[0]], [[0]], [[0]]], [[[0]], [[1]], [[1]], [[1]], [[0]], [[0]], [[0]], [[0]], [[0]], [[1]], [[0]], [[0]], [[0]], [[0]], [[0]], [[0]], [[0]], [[0]], [[0]], [[0]]], [[[0]], [[0]], [[0]], [[0]], [[0]], [[0]], [[0]], [[0]], [[0]], [[0]], [[0]], [[1]], [[0]], [[1]], [[0]], [[0]], [[0]], [[0]], [[0]], [[0]]], [[[0]], [[0]], [[0]], [[0]], [[0]], [[0]], [[0]], [[1]], [[0]], [[0]], [[0]], [[0]], [[0]], [[0]], [[0]], [[0]], [[0]], [[0]], [[0]], [[0]]], [[[0]], [[1]], [[0]], [[0]], [[0]], [[0]], [[0]], [[0]], [[0]], [[0]], [[0]], [[0]], [[0]], [[0]], [[1]], [[0]], [[0]], [[0]], [[0]], [[0]]], [[[0]], [[0]], [[0]], [[0]], [[0]], [[0]], [[0]], [[0]], [[0]], [[0]], [[0]], [[1]], [[0]], [[0]], [[1]], [[0]], [[0]], [[0]], [[0]], [[0]]], [[[0]], [[0]], [[0]], [[0]], [[0]], [[0]], [[0]], [[0]], [[0]], [[0]], [[0]], [[0]], [[0]], [[0]], [[0]], [[0]], [[0]], [[0]], [[0]], [[0]]], [[[1]], [[1]], [[0]], [[0]], [[0]], [[0]], [[0]], [[1]], [[0]], [[0]], [[0]], [[0]], [[0]], [[0]], [[1]], [[0]], [[0]], [[0]], [[1]], [[0]]], [[[0]], [[0]], [[0]], [[0]], [[0]], [[0]], [[0]], [[0]], [[0]], [[0]], [[0]], [[0]], [[0]], [[0]], [[0]], [[0]], [[0]], [[0]], [[0]], [[1]]], [[[0]], [[0]], [[0]], [[0]], [[0]], [[0]], [[0]], [[0]], [[0]], [[0]], [[0]], [[0]], [[0]], [[0]], [[0]], [[0]], [[1]], [[0]], [[0]], [[0]]], [[[0]], [[0]], [[0]], [[0]], [[1]], [[1]], [[0]], [[0]], [[0]], [[0]], [[0]], [[0]], [[0]], [[0]], [[0]], [[0]], [[0]], [[1]], [[0]], [[0]]], [[[0]], [[1]], [[1]], [[0]], [[0]], [[0]], [[1]], [[0]], [[0]], [[0]], [[0]], [[0]], [[0]], [[0]], [[0]], [[0]], [[0]], [[0]], [[0]], [[0]]], [[[0]], [[0]], [[0]], [[1]], [[1]], [[1]], [[0]], [[0]], [[0]], [[0]], [[0]], [[0]], [[0]], [[0]], [[0]], [[0]], [[0]], [[0]], [[0]], [[0]]], [[[0]], [[0]], [[0]], [[0]], [[0]], [[0]], [[0]], [[1]], [[1]], [[0]], [[0]], [[0]], [[0]], [[0]], [[0]], [[0]], [[0]], [[1]], [[0]], [[0]]], [[[0]], [[0]], [[0]], [[0]], [[0]], [[1]], [[0]], [[0]], [[0]], [[0]], [[0]], [[0]], [[0]], [[0]], [[1]], [[0]], [[0]], [[1]], [[0]], [[0]]], [[[0]], [[0]], [[0]], [[0]], [[0]], [[0]], [[1]], [[0]], [[0]], [[0]], [[0]], [[0]], [[0]], [[0]], [[0]], [[0]], [[0]], [[0]], [[0]], [[0]]], [[[0]], [[0]], [[0]], [[0]], [[0]], [[0]], [[0]], [[0]], [[0]], [[0]], [[0]], [[0]], [[0]], [[0]], [[0]], [[0]], [[0]], [[0]], [[0]], [[0]]]]
PRNG_state = [1989438276, -1531633334, 654464894, 506207458, 190270723, -1250400381, -1518130910, 1399091351, 27563456, 0, 27563456, 0, 21061840, 0, -1202731280, 32607, 9481984, 0, -1291549504, 32607, -1104186752, 32607, -1588559616, -1333285518, -1, -1, -1292666336, 32607, -1101942720, 32607, -1290799664, 32607, -1171193368]
steps_before_snapshot = 30
sps_actual = 10
tps_actual = 0.28547291806562014
snapshots_sampling = None
